110,1,750,881,122,200,1,1,1
111,1,763,877,109,204,1,1,1
112,1,767,881,103,200,1,1,1
113,1,770,883,171,198,1,1,1
114,1,800,887,156,194,1,1,1
115,1,669,849,496,232,1,1,1
116,1,686,823,347,258,1,1,1
117,1,723,836,331,245,1,1,1
118,1,720,821,360,260,1,1,1
119,1,755,860,740,221,1,1,1
120,1,776,840,714,241,1,1,1
121,1,793,843,684,238,1,1,1
122,1,776,834,712,247,1,1,1
123,1,770,819,746,262,1,1,1
124,1,787,849,723,232,1,1,1
125,1,787,849,723,232,1,1,1
126,1,787,849,753,232,1,1,1
127,1,787,849,753,232,1,1,1
128,1,787,849,753,232,1,1,1
129,1,787,849,753,232,1,1,1
130,1,787,849,753,232,1,1,1
131,1,787,849,396,232,1,1,1
132,1,759,849,405,232,1,1,1
133,1,759,849,405,232,1,1,1
134,1,714,849,405,232,1,1,1
135,1,706,849,405,232,1,1,1
136,1,665,849,405,232,1,1,1
137,1,629,849,615,232,1,1,1
138,1,601,845,581,232,1,1,1
139,1,576,843,538,232,1,1,1
140,1,589,828,461,249,1,1,1
141,1,536,768,443,313,1,1,1
142,1,543,733,400,348,1,1,1
143,1,551,746,377,335,1,1,1
144,1,551,746,377,335,1,1,1
145,1,551,746,377,335,1,1,1
146,1,551,746,377,335,1,1,1
147,1,551,746,377,335,1,1,1
148,1,551,746,377,335,1,1,1
149,1,545,746,377,335,1,1,1
150,1,508,776,394,305,1,1,1
151,1,508,776,394,305,1,1,1
152,1,478,776,394,305,1,1,1
153,1,478,776,394,305,1,1,1
154,1,448,761,394,320,1,1,1
155,1,437,763,415,318,1,1,1
156,1,413,763,439,318,1,1,1
157,1,413,763,439,318,1,1,1
158,1,413,763,439,318,1,1,1
159,1,413,763,439,318,1,1,1
160,1,413,763,439,318,1,1,1
161,1,413,763,439,318,1,1,1
162,1,413,763,409,318,1,1,1
163,1,413,763,386,318,1,1,1
164,1,413,763,351,318,1,1,1
165,1,413,710,353,371,1,1,1
166,1,413,697,353,384,1,1,1
167,1,413,684,353,397,1,1,1
168,1,395,697,375,384,1,1,1
169,1,387,689,368,392,1,1,1
170,1,406,691,355,390,1,1,1
171,1,402,697,361,384,1,1,1
172,1,383,695,376,386,1,1,1
173,1,370,691,395,390,1,1,1
174,1,355,689,412,392,1,1,1
175,1,333,682,443,399,1,1,1
176,1,316,678,445,403,1,1,1
177,1,314,674,458,407,1,1,1
178,1,323,678,455,403,1,1,1
179,1,338,708,425,373,1,1,1
180,1,325,699,445,382,1,1,1
181,1,335,691,437,390,1,1,1
182,1,335,691,437,390,1,1,1
183,1,335,691,437,390,1,1,1
184,1,335,777,437,304,1,1,1
185,1,335,777,437,304,1,1,1
186,1,335,777,437,304,1,1,1
187,1,335,777,437,304,1,1,1
188,1,335,777,437,304,1,1,1
189,1,335,777,437,304,1,1,1
190,1,335,777,437,304,1,1,1
191,1,335,777,437,304,1,1,1
192,1,314,777,458,304,1,1,1
193,1,314,777,458,304,1,1,1
194,1,314,724,477,357,1,1,1
195,1,314,711,486,370,1,1,1
196,1,314,677,512,404,1,1,1
197,1,314,653,540,428,1,1,1
198,1,318,625,561,456,1,1,1
199,1,314,610,585,471,1,1,1
200,1,326,578,564,503,1,1,1
201,1,326,578,564,503,1,1,1
202,1,326,578,564,503,1,1,1
203,1,326,535,564,546,1,1,1
204,1,326,535,564,546,1,1,1
205,1,326,535,564,546,1,1,1
206,1,326,535,564,546,1,1,1
207,1,326,535,564,546,1,1,1
208,1,326,535,564,546,1,1,1
209,1,326,535,564,546,1,1,1
210,1,326,535,564,546,1,1,1
211,1,354,640,536,441,1,1,1
212,1,352,745,480,336,1,1,1
213,1,352,779,439,302,1,1,1
214,1,333,749,458,332,1,1,1
215,1,314,749,477,332,1,1,1
216,1,314,749,477,332,1,1,1
217,1,282,749,509,332,1,1,1
218,1,282,749,509,332,1,1,1
219,1,282,749,509,332,1,1,1
220,1,256,683,467,398,1,1,1
221,1,256,659,467,422,1,1,1
222,1,256,659,467,422,1,1,1
223,1,256,659,467,422,1,1,1
224,1,256,659,467,422,1,1,1
225,1,256,659,467,401,1,1,1
226,1,277,573,446,487,1,1,1
227,1,277,573,446,487,1,1,1
228,1,301,573,422,487,1,1,1
229,1,299,571,422,466,1,1,1
230,1,299,571,422,466,1,1,1
231,1,299,571,422,466,1,1,1
232,1,299,571,422,466,1,1,1
233,1,318,571,401,451,1,1,1
234,1,318,571,401,451,1,1,1
235,1,318,571,401,451,1,1,1
236,1,318,571,401,451,1,1,1
237,1,318,571,401,451,1,1,1
238,1,318,571,401,451,1,1,1
239,1,318,588,401,434,1,1,1
240,1,318,650,401,389,1,1,1
241,1,318,693,401,350,1,1,1
242,1,318,714,427,336,1,1,1
243,1,344,714,450,357,1,1,1
244,1,354,714,489,351,1,1,1
245,1,354,714,536,351,1,1,1
246,1,354,714,536,351,1,1,1
247,1,375,695,536,370,1,1,1
248,1,375,695,536,370,1,1,1
249,1,375,695,536,370,1,1,1
250,1,375,695,536,370,1,1,1
251,1,375,695,470,370,1,1,1
252,1,351,695,494,346,1,1,1
253,1,351,695,458,346,1,1,1
254,1,315,691,458,346,1,1,1
255,1,281,655,473,382,1,1,1
256,1,260,661,473,382,1,1,1
257,1,260,661,473,382,1,1,1
258,1,245,661,473,382,1,1,1
259,1,245,661,473,382,1,1,1
260,1,245,661,473,382,1,1,1
261,1,194,640,524,403,1,1,1
262,1,194,640,524,403,1,1,1
263,1,194,640,524,403,1,1,1
264,1,194,619,505,409,1,1,1
265,1,194,619,505,409,1,1,1
266,1,194,619,505,409,1,1,1
267,1,194,619,462,409,1,1,1
268,1,194,619,462,409,1,1,1
269,1,194,619,462,409,1,1,1
270,1,194,619,462,409,1,1,1
271,1,194,619,462,409,1,1,1
272,1,194,619,462,409,1,1,1
273,1,194,619,462,409,1,1,1
274,1,194,619,462,409,1,1,1
275,1,194,619,462,409,1,1,1
276,1,194,619,462,439,1,1,1
277,1,194,619,462,439,1,1,1
278,1,194,619,462,462,1,1,1
279,1,194,672,462,409,1,1,1
280,1,194,734,462,347,1,1,1
281,1,194,796,462,285,1,1,1
282,1,168,775,488,306,1,1,1
283,1,168,775,488,306,1,1,1
284,1,168,775,488,306,1,1,1
285,1,168,775,488,306,1,1,1
286,1,119,835,479,246,1,1,1
287,1,119,861,428,220,1,1,1
288,1,119,891,419,190,1,1,1
289,1,53,891,470,190,1,1,1
290,1,40,891,500,190,1,1,1
291,1,12,891,500,190,1,1,1
292,1,12,891,391,190,1,1,1
293,1,12,891,312,190,1,1,1
294,1,12,891,312,190,1,1,1
295,1,12,891,312,190,1,1,1
296,1,10,876,312,190,1,1,1
297,1,10,876,312,190,1,1,1
168,2,975,881,118,200,1,1,1
169,2,975,881,118,200,1,1,1
170,2,975,881,118,200,1,1,1
171,2,975,881,118,200,1,1,1
172,2,975,881,516,200,1,1,1
173,2,975,881,516,200,1,1,1
174,2,975,881,516,200,1,1,1
175,2,975,881,516,200,1,1,1
176,2,975,894,567,187,1,1,1
177,2,975,894,567,187,1,1,1
178,2,907,894,673,187,1,1,1
179,2,907,894,673,187,1,1,1
180,2,911,894,620,187,1,1,1
181,2,911,894,337,187,1,1,1
182,2,911,894,508,187,1,1,1
183,2,911,894,508,187,1,1,1
184,2,911,894,489,187,1,1,1
185,2,902,875,470,206,1,1,1
186,2,902,837,436,244,1,1,1
187,2,902,837,436,244,1,1,1
188,2,917,837,383,244,1,1,1
189,2,915,837,383,244,1,1,1
190,2,915,837,383,244,1,1,1
191,2,915,837,383,244,1,1,1
192,2,915,837,383,244,1,1,1
193,2,915,837,383,244,1,1,1
194,2,915,837,383,244,1,1,1
195,2,915,837,383,244,1,1,1
196,2,915,837,383,244,1,1,1
197,2,915,837,383,244,1,1,1
198,2,915,837,383,244,1,1,1
199,2,915,837,383,244,1,1,1
200,2,915,837,383,244,1,1,1
201,2,915,837,383,244,1,1,1
202,2,915,895,383,186,1,1,1
203,2,915,895,347,186,1,1,1
204,2,915,895,347,186,1,1,1
205,2,915,895,347,186,1,1,1
206,2,915,899,347,182,1,1,1
207,2,915,899,347,182,1,1,1
208,2,915,899,347,182,1,1,1
209,2,956,955,306,126,1,1,1
210,2,956,955,306,126,1,1,1
211,2,956,955,306,126,1,1,1
212,2,956,955,306,126,1,1,1
213,2,956,955,306,126,1,1,1
214,2,956,882,306,199,1,1,1
215,2,956,844,334,237,1,1,1
216,2,956,844,334,237,1,1,1
217,2,956,818,334,263,1,1,1
218,2,956,818,315,263,1,1,1
219,2,956,818,315,263,1,1,1
220,2,956,805,315,276,1,1,1
221,2,956,805,315,276,1,1,1
222,2,956,805,315,276,1,1,1
223,2,956,805,315,276,1,1,1
224,2,956,805,315,276,1,1,1
225,2,956,805,315,276,1,1,1
226,2,956,805,315,276,1,1,1
227,2,956,805,315,276,1,1,1
228,2,956,805,315,276,1,1,1
229,2,956,805,315,276,1,1,1
230,2,956,805,315,276,1,1,1
231,2,956,805,373,276,1,1,1
232,2,956,805,484,276,1,1,1
233,2,954,805,527,276,1,1,1
234,2,954,805,527,276,1,1,1
235,2,954,805,527,276,1,1,1
236,2,954,805,527,276,1,1,1
237,2,954,805,527,276,1,1,1
238,2,954,805,527,276,1,1,1
239,2,954,805,527,276,1,1,1
240,2,954,946,570,135,1,1,1
241,2,954,918,595,163,1,1,1
242,2,954,931,294,150,1,1,1
243,2,954,931,294,150,1,1,1
244,2,954,931,294,150,1,1,1
245,2,954,931,294,150,1,1,1
246,2,954,931,294,150,1,1,1
247,2,954,931,474,150,1,1,1
248,2,954,886,474,195,1,1,1
249,2,954,869,474,212,1,1,1
250,2,954,869,474,212,1,1,1
251,2,954,869,450,212,1,1,1
252,2,954,869,450,212,1,1,1
253,2,954,869,450,212,1,1,1
254,2,954,850,422,231,1,1,1
255,2,971,826,375,255,1,1,1
256,2,950,826,375,255,1,1,1
257,2,950,826,375,255,1,1,1
258,2,950,826,358,255,1,1,1
259,2,950,826,358,255,1,1,1
260,2,950,826,358,255,1,1,1
261,2,950,826,358,255,1,1,1
262,2,950,826,330,255,1,1,1
263,2,950,800,330,281,1,1,1
264,2,950,800,330,281,1,1,1
265,2,950,800,330,281,1,1,1
266,2,950,800,330,281,1,1,1
267,2,950,800,330,281,1,1,1
268,2,950,800,330,281,1,1,1
269,2,950,800,330,281,1,1,1
270,2,903,800,341,281,1,1,1
271,2,903,800,341,281,1,1,1
272,2,903,800,341,281,1,1,1
273,2,903,800,309,281,1,1,1
274,2,822,800,358,281,1,1,1
275,2,822,800,358,281,1,1,1
276,2,756,819,358,262,1,1,1
277,2,756,819,358,262,1,1,1
278,2,722,819,330,262,1,1,1
279,2,722,819,330,262,1,1,1
280,2,688,819,364,262,1,1,1
281,2,688,768,364,313,1,1,1
282,2,669,753,364,328,1,1,1
283,2,669,753,364,328,1,1,1
284,2,669,753,364,328,1,1,1
285,2,669,753,364,328,1,1,1
286,2,635,813,381,268,1,1,1
287,2,635,813,381,268,1,1,1
288,2,665,864,381,217,1,1,1
289,2,665,864,381,217,1,1,1
290,2,646,804,186,277,1,1,1
291,2,629,708,233,373,1,1,1
292,2,629,655,252,426,1,1,1
293,2,629,638,252,443,1,1,1
294,2,629,638,252,443,1,1,1
295,2,629,638,252,443,1,1,1
296,2,629,638,273,443,1,1,1
297,2,629,638,273,443,1,1,1
298,2,629,638,273,443,1,1,1
299,2,663,668,273,413,1,1,1
300,2,663,711,322,370,1,1,1
301,2,663,711,322,370,1,1,1
302,2,699,711,369,370,1,1,1
303,2,699,711,369,370,1,1,1
304,2,699,711,369,370,1,1,1
305,2,699,711,369,370,1,1,1
306,2,678,711,369,370,1,1,1
307,2,678,711,369,370,1,1,1
308,2,678,711,369,370,1,1,1
309,2,680,696,369,370,1,1,1
310,2,680,647,369,419,1,1,1
311,2,680,570,369,496,1,1,1
312,2,701,555,348,511,1,1,1
313,2,710,536,307,500,1,1,1
314,2,710,536,307,500,1,1,1
315,2,710,536,307,489,1,1,1
316,2,710,523,307,502,1,1,1
317,2,710,523,286,502,1,1,1
318,2,710,568,286,457,1,1,1
319,2,710,666,286,359,1,1,1
320,2,678,694,286,359,1,1,1
321,2,657,696,295,359,1,1,1
322,2,621,700,316,359,1,1,1
323,2,604,677,314,404,1,1,1
324,2,604,677,314,404,1,1,1
325,2,587,705,314,376,1,1,1
326,2,587,799,314,282,1,1,1
327,2,587,835,314,246,1,1,1
328,2,587,880,314,201,1,1,1
329,2,587,914,314,167,1,1,1
330,2,587,914,314,167,1,1,1
331,2,587,914,314,167,1,1,1
332,2,587,914,314,167,1,1,1
333,2,587,914,314,167,1,1,1
341,3,1033,858,344,223,1,1,1
342,3,1033,858,344,223,1,1,1
343,3,1033,858,310,223,1,1,1
344,3,1033,858,310,223,1,1,1
345,3,1033,858,310,223,1,1,1
346,3,943,858,400,223,1,1,1
347,3,943,858,355,223,1,1,1
348,3,945,858,342,223,1,1,1
349,3,945,858,342,223,1,1,1
350,3,945,858,342,223,1,1,1
351,3,945,858,342,223,1,1,1
352,3,945,858,318,223,1,1,1
353,3,945,858,318,223,1,1,1
354,3,945,858,318,223,1,1,1
355,3,945,858,318,223,1,1,1
356,3,945,858,318,223,1,1,1
357,3,879,858,384,223,1,1,1
358,3,881,858,382,223,1,1,1
359,3,879,858,384,223,1,1,1
360,3,879,858,384,223,1,1,1
361,3,879,858,384,223,1,1,1
362,3,879,858,384,223,1,1,1
363,3,832,858,482,223,1,1,1
364,3,832,858,461,223,1,1,1
365,3,811,843,482,238,1,1,1
366,3,811,824,433,257,1,1,1
367,3,811,803,397,278,1,1,1
368,3,811,803,359,278,1,1,1
369,3,811,788,344,293,1,1,1
370,3,811,788,323,293,1,1,1
371,3,811,788,323,293,1,1,1
372,3,811,788,323,293,1,1,1
373,3,811,788,306,293,1,1,1
374,3,811,788,306,293,1,1,1
375,3,811,788,306,293,1,1,1
376,3,811,788,306,293,1,1,1
377,3,811,788,306,293,1,1,1
378,3,811,788,306,293,1,1,1
379,3,811,788,306,293,1,1,1
380,3,811,788,306,293,1,1,1
381,3,762,788,355,293,1,1,1
382,3,762,844,383,237,1,1,1
383,3,762,844,383,237,1,1,1
384,3,762,844,413,237,1,1,1
385,3,762,844,413,237,1,1,1
386,3,762,844,413,237,1,1,1
387,3,762,844,413,237,1,1,1
388,3,762,844,413,237,1,1,1
389,3,762,797,413,284,1,1,1
390,3,720,737,378,344,1,1,1
391,3,720,696,378,385,1,1,1
392,3,669,707,429,374,1,1,1
393,3,669,707,429,374,1,1,1
394,3,669,707,429,374,1,1,1
395,3,669,707,403,374,1,1,1
396,3,669,707,403,374,1,1,1
397,3,669,707,403,374,1,1,1
398,3,722,707,350,374,1,1,1
399,3,722,707,350,374,1,1,1
400,3,722,707,350,374,1,1,1
401,3,722,662,350,419,1,1,1
402,3,722,662,350,419,1,1,1
403,3,756,662,329,419,1,1,1
404,3,756,662,350,419,1,1,1
405,3,756,662,350,419,1,1,1
406,3,756,662,350,419,1,1,1
407,3,756,662,350,419,1,1,1
408,3,720,705,386,376,1,1,1
409,3,720,705,386,376,1,1,1
410,3,671,705,435,376,1,1,1
411,3,641,705,441,376,1,1,1
412,3,641,705,441,376,1,1,1
413,3,641,705,441,376,1,1,1
414,3,641,705,441,376,1,1,1
415,3,641,705,409,376,1,1,1
416,3,641,705,409,376,1,1,1
417,3,641,705,409,376,1,1,1
418,3,641,705,409,376,1,1,1
419,3,641,705,409,376,1,1,1
420,3,641,705,409,376,1,1,1
421,3,641,705,409,376,1,1,1
422,3,641,705,409,376,1,1,1
423,3,590,735,381,346,1,1,1
424,3,590,735,381,346,1,1,1
425,3,590,735,381,346,1,1,1
426,3,590,780,381,301,1,1,1
427,3,590,780,381,301,1,1,1
428,3,590,821,328,260,1,1,1
429,3,590,892,328,189,1,1,1
430,3,590,948,328,133,1,1,1
431,3,590,948,328,133,1,1,1
432,3,558,948,328,133,1,1,1
433,3,558,961,347,120,1,1,1
434,3,558,961,326,120,1,1,1
435,3,558,961,326,120,1,1,1
436,3,530,978,326,103,1,1,1
437,3,530,978,326,103,1,1,1
438,3,489,912,343,169,1,1,1
439,3,455,842,377,239,1,1,1
440,3,423,784,409,297,1,1,1
441,3,402,737,441,344,1,1,1
442,3,376,694,460,387,1,1,1
443,3,350,666,477,415,1,1,1
444,3,329,666,486,415,1,1,1
445,3,318,655,486,426,1,1,1
446,3,308,646,505,435,1,1,1
447,3,308,646,505,435,1,1,1
448,3,308,646,505,435,1,1,1
449,3,308,646,505,435,1,1,1
450,3,308,646,505,435,1,1,1
451,3,308,646,505,435,1,1,1
452,3,308,646,505,414,1,1,1
453,3,308,646,505,414,1,1,1
454,3,308,646,505,414,1,1,1
455,3,308,646,505,414,1,1,1
456,3,308,646,505,414,1,1,1
457,3,308,646,505,414,1,1,1
458,3,308,618,505,442,1,1,1
459,3,308,665,505,412,1,1,1
460,3,315,699,481,380,1,1,1
461,3,315,699,481,380,1,1,1
462,3,332,688,464,391,1,1,1
463,3,332,688,464,391,1,1,1
464,3,375,688,421,391,1,1,1
465,3,401,688,395,391,1,1,1
466,3,401,780,395,299,1,1,1
467,3,401,861,395,218,1,1,1
468,3,401,899,395,180,1,1,1
469,3,431,918,365,161,1,1,1
470,3,431,931,365,148,1,1,1
471,3,459,965,337,114,1,1,1
472,3,459,965,337,114,1,1,1
457,4,773,982,385,97,1,1,1
458,4,773,920,385,159,1,1,1
459,4,803,920,355,159,1,1,1
460,4,803,847,355,232,1,1,1
461,4,803,798,355,281,1,1,1
462,4,803,770,355,309,1,1,1
463,4,803,770,355,309,1,1,1
464,4,803,770,355,309,1,1,1
465,4,803,770,355,309,1,1,1
466,4,803,744,355,335,1,1,1
467,4,803,744,355,335,1,1,1
468,4,803,744,325,335,1,1,1
469,4,803,744,291,335,1,1,1
470,4,803,656,291,423,1,1,1
471,4,803,656,270,423,1,1,1
472,4,803,637,270,442,1,1,1
473,4,809,635,257,442,1,1,1
474,4,809,635,257,442,1,1,1
475,4,781,620,257,461,1,1,1
476,4,781,620,257,461,1,1,1
477,4,762,620,276,461,1,1,1
478,4,747,620,291,461,1,1,1
479,4,726,620,291,461,1,1,1
480,4,709,620,291,461,1,1,1
481,4,692,620,291,461,1,1,1
482,4,656,620,291,461,1,1,1
483,4,639,620,338,461,1,1,1
484,4,630,620,338,461,1,1,1
485,4,602,590,308,491,1,1,1
486,4,578,590,289,491,1,1,1
487,4,559,590,298,491,1,1,1
488,4,546,590,319,491,1,1,1
489,4,529,590,325,491,1,1,1
490,4,499,590,362,491,1,1,1
491,4,486,588,357,491,1,1,1
492,4,458,573,387,491,1,1,1
493,4,443,573,381,491,1,1,1
494,4,411,573,413,491,1,1,1
495,4,411,573,413,491,1,1,1
496,4,411,573,413,491,1,1,1
497,4,402,556,432,491,1,1,1
498,4,402,556,432,491,1,1,1
499,4,402,556,432,491,1,1,1
500,4,374,556,464,470,1,1,1
501,4,374,556,464,470,1,1,1
502,4,374,556,464,470,1,1,1
503,4,374,556,464,470,1,1,1
504,4,374,556,464,470,1,1,1
505,4,365,556,464,470,1,1,1
506,4,363,554,464,470,1,1,1
507,4,363,554,464,470,1,1,1
508,4,363,554,464,470,1,1,1
509,4,344,554,483,470,1,1,1
510,4,344,554,483,470,1,1,1
511,4,344,554,483,470,1,1,1
512,4,316,548,502,470,1,1,1
513,4,316,548,502,470,1,1,1
514,4,316,548,502,470,1,1,1
515,4,316,548,502,470,1,1,1
516,4,316,548,502,470,1,1,1
517,4,316,510,502,508,1,1,1
518,4,316,510,502,508,1,1,1
519,4,316,510,466,508,1,1,1
520,4,316,510,449,508,1,1,1
521,4,316,510,410,508,1,1,1
522,4,263,510,487,521,1,1,1
523,4,259,510,487,521,1,1,1
524,4,259,510,487,538,1,1,1
525,4,238,510,508,538,1,1,1
526,4,229,510,517,559,1,1,1
527,4,229,510,493,559,1,1,1
528,4,169,568,495,501,1,1,1
529,4,169,621,429,448,1,1,1
530,4,101,669,474,412,1,1,1
531,4,101,718,474,363,1,1,1
532,4,101,718,474,363,1,1,1
533,4,58,795,493,286,1,1,1
534,4,58,840,437,241,1,1,1
535,4,2,870,437,211,1,1,1
536,4,2,870,413,211,1,1,1
537,4,2,870,413,211,1,1,1
538,4,2,896,398,185,1,1,1
539,4,2,896,355,185,1,1,1
540,4,2,896,284,185,1,1,1
541,4,2,896,284,185,1,1,1
542,4,2,896,284,185,1,1,1
543,4,2,896,284,185,1,1,1
498,5,793,932,415,149,1,1,1
499,5,750,932,415,149,1,1,1
500,5,750,932,415,149,1,1,1
501,5,712,877,415,200,1,1,1
502,5,712,877,415,200,1,1,1
503,5,727,843,364,234,1,1,1
504,5,727,807,364,270,1,1,1
505,5,727,796,364,281,1,1,1
506,5,783,766,289,311,1,1,1
507,5,783,766,289,311,1,1,1
508,5,783,766,289,311,1,1,1
509,5,757,766,289,311,1,1,1
510,5,757,766,289,311,1,1,1
511,5,757,766,289,311,1,1,1
512,5,729,770,289,311,1,1,1
513,5,729,770,289,311,1,1,1
514,5,729,770,289,311,1,1,1
515,5,729,770,289,311,1,1,1
516,5,701,770,289,311,1,1,1
517,5,729,770,289,311,1,1,1
518,5,703,770,289,311,1,1,1
519,5,703,770,289,311,1,1,1
520,5,703,770,289,311,1,1,1
521,5,703,770,289,311,1,1,1
522,5,703,770,289,311,1,1,1
523,5,703,770,289,311,1,1,1
524,5,703,770,289,311,1,1,1
525,5,703,770,289,311,1,1,1
526,5,703,770,289,311,1,1,1
527,5,724,770,268,311,1,1,1
528,5,724,770,268,311,1,1,1
529,5,724,785,300,296,1,1,1
530,5,698,838,300,243,1,1,1
531,5,698,838,300,243,1,1,1
532,5,647,838,300,243,1,1,1
533,5,619,853,319,228,1,1,1
534,5,619,853,319,228,1,1,1
535,5,598,853,340,228,1,1,1
536,5,598,853,340,228,1,1,1
537,5,598,853,340,228,1,1,1
538,5,560,853,361,228,1,1,1
539,5,524,853,397,228,1,1,1
540,5,505,853,416,228,1,1,1
541,5,469,853,452,228,1,1,1
542,5,469,853,452,228,1,1,1
543,5,469,802,452,279,1,1,1
544,5,469,802,452,279,1,1,1
545,5,469,736,411,345,1,1,1
546,5,469,691,411,390,1,1,1
547,5,469,691,385,390,1,1,1
548,5,469,644,385,437,1,1,1
549,5,469,644,385,437,1,1,1
550,5,452,644,368,437,1,1,1
551,5,452,644,368,437,1,1,1
552,5,411,644,409,437,1,1,1
553,5,383,644,433,437,1,1,1
554,5,340,644,463,437,1,1,1
555,5,291,610,512,471,1,1,1
556,5,250,610,553,471,1,1,1
557,5,224,610,519,471,1,1,1
558,5,224,610,483,471,1,1,1
559,5,186,610,521,471,1,1,1
560,5,186,610,521,471,1,1,1
561,5,165,567,542,514,1,1,1
562,5,165,567,542,514,1,1,1
563,5,131,567,557,486,1,1,1
564,5,131,567,557,486,1,1,1
565,5,131,567,557,467,1,1,1
566,5,112,529,540,505,1,1,1
567,5,86,529,542,505,1,1,1
568,5,86,529,542,505,1,1,1
569,5,50,544,542,505,1,1,1
570,5,50,591,542,471,1,1,1
571,5,50,662,542,400,1,1,1
572,5,50,726,566,336,1,1,1
573,5,50,726,566,336,1,1,1
574,5,50,726,532,336,1,1,1
575,5,116,807,466,255,1,1,1
576,5,116,828,436,234,1,1,1
577,5,116,892,436,170,1,1,1
578,5,116,892,436,170,1,1,1
579,5,116,892,436,170,1,1,1
580,5,116,892,436,170,1,1,1
581,5,116,892,436,170,1,1,1
582,5,103,935,436,146,1,1,1
583,5,94,935,404,146,1,1,1
584,5,81,935,404,146,1,1,1
585,5,81,935,404,146,1,1,1
586,5,79,935,404,146,1,1,1
587,5,79,869,404,212,1,1,1
588,5,79,822,404,259,1,1,1
589,5,79,801,404,280,1,1,1
590,5,96,801,366,280,1,1,1
591,5,96,852,366,229,1,1,1
592,5,96,935,366,146,1,1,1
593,5,96,935,366,146,1,1,1
537,6,1022,943,274,138,1,1,1
538,6,1022,924,274,157,1,1,1
539,6,1022,862,229,219,1,1,1
540,6,1022,824,229,257,1,1,1
541,6,1022,824,229,257,1,1,1
542,6,1022,824,229,257,1,1,1
543,6,1022,824,229,257,1,1,1
544,6,1022,824,229,257,1,1,1
545,6,1022,792,229,289,1,1,1
546,6,1022,792,229,289,1,1,1
547,6,1022,792,229,289,1,1,1
548,6,1022,792,229,289,1,1,1
549,6,1022,792,229,289,1,1,1
550,6,1058,828,229,251,1,1,1
551,6,1058,828,229,251,1,1,1
552,6,1058,881,257,198,1,1,1
553,6,1056,877,291,204,1,1,1
554,6,1084,877,291,204,1,1,1
555,6,913,909,503,172,1,1,1
556,6,913,909,503,172,1,1,1
557,6,892,909,524,172,1,1,1
558,6,892,868,524,213,1,1,1
559,6,892,840,524,241,1,1,1
560,6,892,840,524,241,1,1,1
561,6,892,787,524,294,1,1,1
562,6,892,751,524,330,1,1,1
563,6,892,751,483,330,1,1,1
564,6,892,725,483,356,1,1,1
565,6,892,725,483,356,1,1,1
566,6,875,725,483,356,1,1,1
567,6,875,725,483,356,1,1,1
568,6,841,766,483,313,1,1,1
569,6,828,796,483,285,1,1,1
570,6,804,796,507,285,1,1,1
571,6,776,796,507,285,1,1,1
572,6,776,796,507,285,1,1,1
573,6,776,770,449,311,1,1,1
574,6,776,734,421,347,1,1,1
575,6,776,734,389,347,1,1,1
576,6,776,713,389,368,1,1,1
577,6,776,713,389,368,1,1,1
578,6,755,689,389,392,1,1,1
579,6,736,689,389,392,1,1,1
580,6,717,723,389,358,1,1,1
581,6,676,747,413,334,1,1,1
582,6,618,743,445,334,1,1,1
583,6,571,743,464,334,1,1,1
584,6,515,739,481,334,1,1,1
585,6,515,739,481,334,1,1,1
586,6,496,739,481,334,1,1,1
587,6,496,696,425,377,1,1,1
588,6,496,696,425,377,1,1,1
589,6,468,696,425,377,1,1,1
590,6,457,677,425,396,1,1,1
591,6,457,677,425,396,1,1,1
592,6,438,681,425,396,1,1,1
593,6,421,681,425,396,1,1,1
594,6,421,681,425,396,1,1,1
595,6,402,685,425,396,1,1,1
596,6,376,659,470,422,1,1,1
597,6,359,659,470,422,1,1,1
598,6,359,659,470,422,1,1,1
599,6,404,659,425,422,1,1,1
600,6,404,659,425,422,1,1,1
601,6,404,659,369,422,1,1,1
602,6,404,683,365,398,1,1,1
603,6,370,683,395,398,1,1,1
604,6,342,683,427,398,1,1,1
605,6,306,683,453,398,1,1,1
606,6,261,683,453,398,1,1,1
607,6,216,683,421,398,1,1,1
608,6,216,747,342,334,1,1,1
609,6,165,798,393,283,1,1,1
610,6,120,860,438,221,1,1,1
611,6,120,911,438,170,1,1,1
612,6,77,911,460,170,1,1,1
613,6,77,932,383,149,1,1,1
614,6,26,932,378,149,1,1,1
615,6,26,932,378,149,1,1,1
616,6,26,932,378,149,1,1,1
617,6,1,930,378,149,1,1,1
618,6,1,930,378,149,1,1,1
616,7,716,875,338,206,1,1,1
617,7,716,824,338,257,1,1,1
618,7,716,760,270,321,1,1,1
619,7,716,704,270,377,1,1,1
620,7,716,704,240,377,1,1,1
621,7,511,704,402,377,1,1,1
622,7,470,666,402,415,1,1,1
623,7,451,636,402,443,1,1,1
624,7,427,638,402,443,1,1,1
625,7,427,638,402,443,1,1,1
626,7,403,681,426,400,1,1,1
627,7,403,709,426,372,1,1,1
628,7,388,745,441,336,1,1,1
629,7,388,745,415,336,1,1,1
630,7,369,745,434,336,1,1,1
631,7,320,783,483,298,1,1,1
632,7,339,783,464,298,1,1,1
633,7,339,783,438,298,1,1,1
634,7,322,813,438,268,1,1,1
635,7,309,834,453,247,1,1,1
636,7,277,834,485,247,1,1,1
637,7,277,806,485,275,1,1,1
638,7,277,753,485,328,1,1,1
639,7,281,687,485,394,1,1,1
640,7,281,634,485,447,1,1,1
641,7,281,634,485,447,1,1,1
642,7,296,604,485,447,1,1,1
643,7,313,585,485,447,1,1,1
644,7,313,615,427,400,1,1,1
645,7,313,615,427,400,1,1,1
646,7,313,547,427,468,1,1,1
647,7,289,515,463,468,1,1,1
648,7,289,515,463,468,1,1,1
649,7,289,515,463,468,1,1,1
650,7,289,515,463,468,1,1,1
651,7,289,515,463,468,1,1,1
652,7,289,515,463,468,1,1,1
653,7,289,498,463,485,1,1,1
654,7,289,466,463,517,1,1,1
655,7,289,447,463,536,1,1,1
656,7,289,447,463,536,1,1,1
657,7,289,447,463,536,1,1,1
658,7,289,447,463,536,1,1,1
659,7,289,447,463,536,1,1,1
660,7,289,447,463,536,1,1,1
661,7,289,447,463,536,1,1,1
662,7,289,447,463,536,1,1,1
663,7,289,447,463,536,1,1,1
664,7,259,447,493,536,1,1,1
665,7,259,447,493,536,1,1,1
666,7,259,447,493,536,1,1,1
667,7,255,507,493,476,1,1,1
668,7,255,528,493,455,1,1,1
669,7,255,528,493,455,1,1,1
670,7,255,528,493,455,1,1,1
671,7,255,528,493,455,1,1,1
672,7,255,528,493,455,1,1,1
673,7,255,528,493,455,1,1,1
674,7,255,528,493,455,1,1,1
675,7,255,528,493,455,1,1,1
676,7,255,528,493,455,1,1,1
677,7,255,528,493,455,1,1,1
678,7,255,528,493,455,1,1,1
679,7,255,569,493,414,1,1,1
680,7,272,569,493,414,1,1,1
681,7,272,569,493,414,1,1,1
682,7,272,541,493,442,1,1,1
683,7,289,535,431,442,1,1,1
684,7,263,559,457,418,1,1,1
685,7,263,585,457,392,1,1,1
686,7,227,587,457,392,1,1,1
687,7,227,587,457,392,1,1,1
688,7,224,589,423,392,1,1,1
689,7,224,589,423,392,1,1,1
690,7,224,589,423,439,1,1,1
691,7,224,544,423,516,1,1,1
692,7,200,550,423,516,1,1,1
693,7,183,550,440,516,1,1,1
694,7,183,503,440,563,1,1,1
695,7,130,541,493,525,1,1,1
696,7,113,646,510,420,1,1,1
697,7,85,736,602,330,1,1,1
698,7,68,759,568,309,1,1,1
699,7,68,759,568,309,1,1,1
700,7,61,804,530,268,1,1,1
701,7,61,804,530,268,1,1,1
702,7,42,832,504,249,1,1,1
703,7,21,832,504,249,1,1,1
704,7,39,832,466,249,1,1,1
705,7,60,847,466,234,1,1,1
706,7,44,879,387,202,1,1,1
707,7,111,853,442,228,1,1,1
708,7,111,853,442,228,1,1,1
662,8,840,935,464,146,1,1,1
663,8,840,884,421,197,1,1,1
664,8,840,850,376,231,1,1,1
665,8,840,833,376,248,1,1,1
666,8,840,812,376,269,1,1,1
667,8,823,810,376,269,1,1,1
668,8,823,810,376,269,1,1,1
669,8,823,810,376,269,1,1,1
670,8,823,810,376,269,1,1,1
671,8,823,810,376,269,1,1,1
672,8,823,810,376,269,1,1,1
673,8,823,810,376,269,1,1,1
674,8,823,810,376,269,1,1,1
675,8,795,774,376,305,1,1,1
676,8,795,774,376,305,1,1,1
677,8,737,776,376,305,1,1,1
678,8,711,776,376,305,1,1,1
679,8,685,776,376,305,1,1,1
680,8,670,772,376,305,1,1,1
681,8,670,772,376,305,1,1,1
682,8,670,772,376,305,1,1,1
683,8,670,753,376,324,1,1,1
684,8,670,753,376,324,1,1,1
685,8,644,753,402,324,1,1,1
686,8,644,753,402,324,1,1,1
687,8,627,753,402,324,1,1,1
688,8,627,849,402,228,1,1,1
689,8,627,836,402,241,1,1,1
690,8,612,815,402,262,1,1,1
691,8,612,815,402,262,1,1,1
692,8,612,815,402,262,1,1,1
693,8,608,815,344,262,1,1,1
694,8,608,695,344,382,1,1,1
695,8,599,669,344,410,1,1,1
696,8,599,645,344,434,1,1,1
697,8,599,624,344,455,1,1,1
698,8,599,624,344,455,1,1,1
699,8,599,624,344,455,1,1,1
700,8,599,624,344,455,1,1,1
701,8,599,624,344,455,1,1,1
702,8,556,626,344,455,1,1,1
703,8,556,626,344,455,1,1,1
704,8,494,626,389,455,1,1,1
705,8,470,626,389,455,1,1,1
706,8,425,626,453,455,1,1,1
707,8,387,626,474,455,1,1,1
708,8,340,587,493,485,1,1,1
709,8,314,596,474,485,1,1,1
710,8,293,596,474,485,1,1,1
711,8,293,547,474,534,1,1,1
712,8,272,526,474,555,1,1,1
713,8,272,526,474,555,1,1,1
714,8,272,526,474,555,1,1,1
715,8,272,526,500,555,1,1,1
716,8,272,526,500,555,1,1,1
717,8,272,526,500,555,1,1,1
718,8,272,550,500,531,1,1,1
719,8,272,631,500,450,1,1,1
720,8,272,712,500,369,1,1,1
721,8,272,763,500,318,1,1,1
722,8,272,763,500,318,1,1,1
723,8,430,763,342,318,1,1,1
724,8,430,763,342,318,1,1,1
725,8,430,793,342,288,1,1,1
726,8,430,859,342,222,1,1,1
727,8,430,910,342,171,1,1,1
728,8,430,942,316,139,1,1,1
729,8,430,957,342,124,1,1,1
730,8,430,957,342,124,1,1,1
731,8,392,957,342,124,1,1,1
679,9,1172,915,323,166,1,1,1
680,9,1172,915,323,166,1,1,1
681,9,1159,894,344,187,1,1,1
682,9,1159,862,344,219,1,1,1
683,9,1159,834,344,247,1,1,1
684,9,1097,802,378,279,1,1,1
685,9,1097,770,378,311,1,1,1
686,9,1097,744,361,337,1,1,1
687,9,1097,744,361,337,1,1,1
688,9,1076,699,361,382,1,1,1
689,9,1076,699,361,382,1,1,1
690,9,1055,699,361,382,1,1,1
691,9,1055,699,361,382,1,1,1
692,9,1055,699,361,382,1,1,1
693,9,1038,699,380,382,1,1,1
694,9,1038,699,380,382,1,1,1
695,9,1038,699,380,382,1,1,1
696,9,1038,699,421,382,1,1,1
697,9,1012,742,509,339,1,1,1
698,9,1012,776,558,305,1,1,1
699,9,1012,776,558,305,1,1,1
700,9,1003,810,594,271,1,1,1
701,9,988,810,581,271,1,1,1
702,9,967,810,562,271,1,1,1
703,9,967,778,562,303,1,1,1
704,9,967,733,500,348,1,1,1
705,9,937,733,500,348,1,1,1
706,9,959,705,459,376,1,1,1
707,9,985,737,433,344,1,1,1
708,9,985,788,433,293,1,1,1
709,9,1002,837,401,244,1,1,1
710,9,1002,837,401,244,1,1,1
711,9,1002,837,401,244,1,1,1
712,9,1002,837,401,244,1,1,1
713,9,1002,837,401,244,1,1,1
714,9,1002,837,401,244,1,1,1
715,9,1002,837,422,244,1,1,1
716,9,1002,837,422,244,1,1,1
717,9,1002,837,422,244,1,1,1
718,9,1002,837,422,244,1,1,1
719,9,1002,837,422,244,1,1,1
720,9,1002,837,422,244,1,1,1
721,9,1002,837,422,244,1,1,1
722,9,1002,837,422,244,1,1,1
723,9,1002,837,422,244,1,1,1
724,9,1002,837,422,244,1,1,1
725,9,1011,837,422,244,1,1,1
726,9,1013,837,403,244,1,1,1
727,9,987,837,403,244,1,1,1
728,9,987,837,403,244,1,1,1
729,9,1015,837,377,244,1,1,1
730,9,833,837,559,244,1,1,1
731,9,833,837,559,244,1,1,1
732,9,963,873,386,208,1,1,1
733,9,963,873,386,208,1,1,1
734,9,963,873,386,208,1,1,1
735,9,922,873,386,208,1,1,1
736,9,922,820,386,261,1,1,1
737,9,922,749,386,332,1,1,1
738,9,894,677,386,404,1,1,1
739,9,894,656,386,425,1,1,1
740,9,888,639,358,442,1,1,1
741,9,875,639,358,442,1,1,1
742,9,849,667,358,414,1,1,1
743,9,811,731,396,350,1,1,1
744,9,766,731,422,350,1,1,1
745,9,728,763,422,318,1,1,1
746,9,711,763,422,318,1,1,1
747,9,677,763,422,318,1,1,1
748,9,653,759,422,318,1,1,1
749,9,623,759,422,318,1,1,1
750,9,608,729,422,344,1,1,1
751,9,580,729,450,344,1,1,1
752,9,580,729,450,344,1,1,1
753,9,616,729,414,344,1,1,1
754,9,659,729,371,344,1,1,1
755,9,699,731,316,344,1,1,1
756,9,723,772,283,303,1,1,1
757,9,689,834,315,247,1,1,1
758,9,670,864,345,217,1,1,1
759,9,634,877,345,204,1,1,1
760,9,634,860,317,221,1,1,1
761,9,634,860,317,221,1,1,1
762,9,634,860,317,221,1,1,1
763,9,634,860,317,221,1,1,1
764,9,634,860,317,221,1,1,1
765,9,634,860,317,221,1,1,1
766,9,634,860,317,221,1,1,1
767,9,634,860,317,221,1,1,1
768,9,634,860,317,221,1,1,1
769,9,634,860,317,221,1,1,1
770,9,634,860,298,221,1,1,1
771,9,634,860,298,221,1,1,1
772,9,634,860,298,221,1,1,1
773,9,610,860,298,221,1,1,1
774,9,584,860,317,221,1,1,1
775,9,595,860,298,221,1,1,1
776,9,595,860,298,221,1,1,1
777,9,582,860,298,221,1,1,1
778,9,580,828,298,253,1,1,1
779,9,563,826,298,253,1,1,1
780,9,563,800,298,279,1,1,1
781,9,551,802,272,279,1,1,1
782,9,538,781,272,300,1,1,1
783,9,538,753,272,328,1,1,1
784,9,553,774,272,307,1,1,1
785,9,553,774,272,307,1,1,1
786,9,553,774,272,307,1,1,1
787,9,553,774,272,307,1,1,1
788,9,553,774,272,307,1,1,1
789,9,553,774,272,307,1,1,1
790,9,553,774,272,307,1,1,1
791,9,553,774,272,307,1,1,1
792,9,553,774,272,307,1,1,1
793,9,553,774,272,307,1,1,1
794,9,534,774,272,307,1,1,1
795,9,534,774,272,307,1,1,1
796,9,534,774,272,307,1,1,1
797,9,534,774,272,307,1,1,1
798,9,534,774,272,307,1,1,1
799,9,534,774,272,307,1,1,1
800,9,534,774,272,307,1,1,1
801,9,534,774,272,307,1,1,1
802,9,534,774,272,307,1,1,1
803,9,534,774,272,307,1,1,1
804,9,555,774,272,307,1,1,1
805,9,555,774,272,307,1,1,1
806,9,555,774,272,307,1,1,1
807,9,555,774,272,307,1,1,1
808,9,572,847,255,234,1,1,1
809,9,583,779,272,302,1,1,1
810,9,583,779,272,302,1,1,1
811,9,583,779,272,302,1,1,1
812,9,583,779,272,302,1,1,1
813,9,583,779,272,302,1,1,1
814,9,583,779,272,302,1,1,1
815,9,583,779,272,302,1,1,1
816,9,583,779,272,302,1,1,1
817,9,583,779,272,302,1,1,1
818,9,583,779,272,302,1,1,1
819,9,583,779,272,302,1,1,1
820,9,583,749,272,332,1,1,1
821,9,583,749,272,332,1,1,1
822,9,583,749,272,332,1,1,1
823,9,583,749,272,332,1,1,1
824,9,583,749,272,332,1,1,1
825,9,583,749,272,332,1,1,1
826,9,574,800,300,281,1,1,1
827,9,574,821,300,260,1,1,1
828,9,574,821,300,260,1,1,1
829,9,557,821,300,260,1,1,1
830,9,557,821,300,260,1,1,1
831,9,557,821,300,260,1,1,1
832,9,557,821,300,260,1,1,1
833,9,557,821,300,260,1,1,1
834,9,557,821,300,260,1,1,1
835,9,557,857,274,224,1,1,1
836,9,557,900,274,181,1,1,1
837,9,557,900,274,181,1,1,1
838,9,557,930,274,151,1,1,1
839,9,557,930,274,151,1,1,1
840,9,557,930,274,151,1,1,1
841,9,557,930,274,151,1,1,1
842,9,610,930,274,151,1,1,1
843,9,621,930,314,151,1,1,1
777,10,924,915,372,166,1,1,1
778,10,894,864,402,217,1,1,1
779,10,866,814,402,258,1,1,1
780,10,836,769,402,307,1,1,1
781,10,815,724,402,352,1,1,1
782,10,785,668,402,410,1,1,1
783,10,740,614,406,451,1,1,1
784,10,725,590,406,451,1,1,1
785,10,721,588,406,451,1,1,1
786,10,721,588,406,451,1,1,1
787,10,721,588,406,451,1,1,1
788,10,721,588,406,451,1,1,1
789,10,721,588,406,451,1,1,1
790,10,721,588,406,451,1,1,1
791,10,721,588,406,451,1,1,1
792,10,721,626,406,413,1,1,1
793,10,721,675,457,364,1,1,1
794,10,721,675,457,364,1,1,1
795,10,721,675,457,364,1,1,1
796,10,721,675,457,364,1,1,1
797,10,721,675,457,364,1,1,1
798,10,721,675,457,364,1,1,1
799,10,721,675,457,364,1,1,1
800,10,715,645,457,392,1,1,1
801,10,715,617,457,420,1,1,1
802,10,715,617,457,420,1,1,1
803,10,685,598,487,439,1,1,1
804,10,657,598,515,439,1,1,1
805,10,644,598,528,439,1,1,1
806,10,618,598,554,439,1,1,1
807,10,599,581,573,456,1,1,1
808,10,599,581,573,456,1,1,1
809,10,563,560,609,477,1,1,1
810,10,563,560,609,477,1,1,1
811,10,563,560,609,477,1,1,1
812,10,505,543,667,494,1,1,1
813,10,503,525,656,488,1,1,1
814,10,477,540,682,473,1,1,1
815,10,477,540,682,473,1,1,1
816,10,443,540,716,473,1,1,1
817,10,443,540,716,473,1,1,1
818,10,471,540,688,473,1,1,1
819,10,548,487,611,526,1,1,1
820,10,655,459,504,554,1,1,1
821,10,715,459,470,554,1,1,1
822,10,747,493,470,526,1,1,1
823,10,807,549,442,496,1,1,1
824,10,865,628,414,430,1,1,1
825,10,889,694,414,368,1,1,1
826,10,953,764,414,315,1,1,1
827,10,983,841,414,240,1,1,1
828,10,1007,871,403,210,1,1,1
829,10,1005,871,403,210,1,1,1
830,10,1048,888,350,193,1,1,1
831,10,1123,888,228,193,1,1,1
832,10,1123,888,179,193,1,1,1
844,10,682,945,274,136,1,1,1
845,10,678,945,280,136,1,1,1
846,10,723,939,241,142,1,1,1
847,10,731,932,282,149,1,1,1
848,10,751,899,324,182,1,1,1
849,10,752,920,390,161,1,1,1
850,10,782,896,426,185,1,1,1
851,10,802,898,449,183,1,1,1
852,10,836,887,481,194,1,1,1
853,10,849,885,509,196,1,1,1
854,10,864,875,526,206,1,1,1
855,10,870,875,528,206,1,1,1
856,10,881,901,528,180,1,1,1
857,10,898,901,528,180,1,1,1
858,10,898,901,528,180,1,1,1
859,10,898,901,528,180,1,1,1
860,10,898,901,528,180,1,1,1
861,10,898,916,650,165,1,1,1
862,10,898,916,650,165,1,1,1
863,10,883,899,473,182,1,1,1
864,10,883,899,370,182,1,1,1
865,10,870,899,370,182,1,1,1
866,10,829,895,462,182,1,1,1
867,10,782,899,462,182,1,1,1
868,10,735,899,462,182,1,1,1
869,10,699,839,409,242,1,1,1
870,10,648,786,409,295,1,1,1
871,10,599,765,409,316,1,1,1
872,10,539,727,409,354,1,1,1
873,10,509,708,409,373,1,1,1
874,10,473,680,409,399,1,1,1
875,10,443,676,409,399,1,1,1
876,10,411,670,435,399,1,1,1
877,10,377,644,463,399,1,1,1
878,10,353,625,501,399,1,1,1
879,10,321,616,501,382,1,1,1
880,10,304,614,424,365,1,1,1
881,10,304,588,424,365,1,1,1
882,10,308,556,396,391,1,1,1
883,10,308,556,396,391,1,1,1
884,10,306,547,396,391,1,1,1
885,10,306,547,396,391,1,1,1
886,10,306,547,396,391,1,1,1
887,10,306,547,396,391,1,1,1
888,10,291,545,398,391,1,1,1
889,10,261,539,428,397,1,1,1
890,10,261,539,428,397,1,1,1
891,10,295,627,396,328,1,1,1
892,10,280,631,396,328,1,1,1
893,10,254,680,434,328,1,1,1
894,10,254,680,434,328,1,1,1
895,10,237,731,449,328,1,1,1
896,10,226,740,449,328,1,1,1
897,10,226,740,449,328,1,1,1
898,10,200,749,449,328,1,1,1
899,10,200,749,449,328,1,1,1
900,10,179,821,449,260,1,1,1
901,10,179,821,449,260,1,1,1
902,10,149,821,479,260,1,1,1
903,10,119,840,498,241,1,1,1
904,10,83,840,498,241,1,1,1
905,10,85,864,466,217,1,1,1
906,10,85,864,466,217,1,1,1
907,10,55,864,466,217,1,1,1
908,10,72,864,466,217,1,1,1
909,10,57,875,466,206,1,1,1
910,10,119,890,404,191,1,1,1
911,10,119,890,353,191,1,1,1
912,10,119,916,353,165,1,1,1
913,10,119,937,353,144,1,1,1
914,10,119,937,353,144,1,1,1
915,10,119,937,353,144,1,1,1
916,10,78,937,394,144,1,1,1
917,10,78,937,394,144,1,1,1
918,10,54,937,351,144,1,1,1
919,10,28,937,351,144,1,1,1
920,10,22,926,357,155,1,1,1
921,10,11,926,357,155,1,1,1
922,10,7,926,357,155,1,1,1
923,10,7,926,357,155,1,1,1
924,10,7,926,316,155,1,1,1
925,10,7,926,235,155,1,1,1
