309,1,1289,949,342,130,1,1,1
310,1,1289,949,342,130,1,1,1
311,1,1218,951,393,130,1,1,1
312,1,1141,951,466,130,1,1,1
313,1,1105,949,487,130,1,1,1
314,1,1105,949,425,130,1,1,1
315,1,1105,949,397,130,1,1,1
316,1,1111,942,363,139,1,1,1
317,1,1092,940,363,139,1,1,1
318,1,1092,872,333,207,1,1,1
319,1,1039,848,386,231,1,1,1
320,1,1039,848,386,231,1,1,1
321,1,1039,848,386,231,1,1,1
322,1,1039,848,386,231,1,1,1
323,1,990,816,420,265,1,1,1
324,1,969,692,441,389,1,1,1
325,1,956,647,420,434,1,1,1
326,1,939,609,420,453,1,1,1
327,1,939,609,420,423,1,1,1
328,1,935,596,420,402,1,1,1
329,1,916,594,396,370,1,1,1
330,1,907,598,409,338,1,1,1
331,1,905,598,409,312,1,1,1
332,1,905,581,409,312,1,1,1
333,1,905,581,409,312,1,1,1
334,1,924,575,409,312,1,1,1
335,1,950,571,409,312,1,1,1
336,1,956,582,409,267,1,1,1
337,1,956,582,379,267,1,1,1
338,1,956,582,379,267,1,1,1
339,1,956,582,379,267,1,1,1
340,1,956,582,379,267,1,1,1
341,1,956,582,379,267,1,1,1
342,1,956,582,379,267,1,1,1
343,1,956,582,379,267,1,1,1
344,1,956,582,379,267,1,1,1
345,1,956,582,379,267,1,1,1
346,1,956,582,379,267,1,1,1
347,1,956,582,379,267,1,1,1
348,1,956,582,379,267,1,1,1
349,1,956,582,379,267,1,1,1
350,1,956,582,379,267,1,1,1
351,1,956,582,379,267,1,1,1
352,1,956,582,379,267,1,1,1
353,1,956,582,379,267,1,1,1
354,1,956,582,379,267,1,1,1
355,1,956,582,379,267,1,1,1
356,1,956,582,379,267,1,1,1
357,1,956,582,379,267,1,1,1
358,1,956,582,379,267,1,1,1
359,1,956,582,379,267,1,1,1
360,1,956,582,379,267,1,1,1
361,1,956,582,379,267,1,1,1
362,1,956,582,379,267,1,1,1
363,1,956,582,379,267,1,1,1
364,1,956,582,379,267,1,1,1
365,1,956,582,379,267,1,1,1
366,1,956,582,379,267,1,1,1
367,1,956,582,379,267,1,1,1
368,1,956,582,343,267,1,1,1
369,1,956,582,343,267,1,1,1
370,1,956,582,343,267,1,1,1
371,1,956,582,343,267,1,1,1
372,1,956,582,343,267,1,1,1
373,1,956,582,343,267,1,1,1
374,1,956,582,343,267,1,1,1
375,1,956,582,343,267,1,1,1
376,1,956,582,343,267,1,1,1
377,1,956,582,343,267,1,1,1
378,1,956,582,343,267,1,1,1
379,1,956,582,343,267,1,1,1
380,1,956,582,343,267,1,1,1
381,1,956,582,343,267,1,1,1
382,1,956,582,343,267,1,1,1
383,1,956,582,343,267,1,1,1
384,1,956,582,343,267,1,1,1
385,1,956,582,343,267,1,1,1
386,1,956,582,343,267,1,1,1
387,1,956,554,343,295,1,1,1
388,1,956,537,343,312,1,1,1
389,1,956,488,343,361,1,1,1
390,1,956,443,343,406,1,1,1
391,1,956,413,369,436,1,1,1
392,1,956,387,369,460,1,1,1
393,1,962,385,369,424,1,1,1
394,1,962,336,369,473,1,1,1
395,1,962,310,369,499,1,1,1
396,1,962,276,369,533,1,1,1
397,1,962,261,369,548,1,1,1
398,1,962,248,369,561,1,1,1
399,1,947,244,369,561,1,1,1
400,1,947,244,350,561,1,1,1
401,1,930,242,350,561,1,1,1
402,1,930,261,350,542,1,1,1
403,1,930,261,350,542,1,1,1
404,1,930,261,350,542,1,1,1
405,1,930,259,350,542,1,1,1
406,1,913,263,350,542,1,1,1
407,1,913,263,350,542,1,1,1
408,1,913,291,350,514,1,1,1
409,1,877,291,412,514,1,1,1
410,1,877,364,412,462,1,1,1
411,1,877,422,412,404,1,1,1
412,1,877,484,412,363,1,1,1
413,1,892,540,412,337,1,1,1
414,1,864,564,453,337,1,1,1
415,1,870,577,453,337,1,1,1
416,1,870,577,434,337,1,1,1
417,1,857,579,455,337,1,1,1
418,1,857,579,455,337,1,1,1
419,1,857,579,446,320,1,1,1
420,1,857,579,446,320,1,1,1
421,1,859,536,446,335,1,1,1
422,1,859,476,446,395,1,1,1
423,1,859,393,446,478,1,1,1
424,1,859,292,446,579,1,1,1
425,1,859,292,446,579,1,1,1
426,1,853,288,446,579,1,1,1
427,1,853,288,422,579,1,1,1
428,1,853,288,429,579,1,1,1
429,1,844,286,429,562,1,1,1
430,1,844,286,429,562,1,1,1
431,1,844,286,429,562,1,1,1
432,1,844,286,429,562,1,1,1
433,1,844,286,429,594,1,1,1
434,1,844,286,429,594,1,1,1
435,1,844,286,429,594,1,1,1
436,1,844,303,429,603,1,1,1
437,1,844,303,405,603,1,1,1
438,1,844,339,405,567,1,1,1
439,1,844,367,405,539,1,1,1
440,1,844,393,405,513,1,1,1
441,1,829,436,441,470,1,1,1
442,1,808,477,462,429,1,1,1
443,1,800,483,479,429,1,1,1
444,1,800,554,498,358,1,1,1
445,1,800,571,498,341,1,1,1
446,1,800,571,498,341,1,1,1
447,1,800,571,498,341,1,1,1
448,1,800,571,498,341,1,1,1
449,1,800,571,498,341,1,1,1
450,1,800,571,498,341,1,1,1
451,1,800,571,498,341,1,1,1
452,1,800,571,498,341,1,1,1
453,1,800,571,498,341,1,1,1
454,1,800,571,498,341,1,1,1
455,1,800,571,498,341,1,1,1
456,1,800,571,498,341,1,1,1
457,1,860,571,438,341,1,1,1
458,1,860,571,438,341,1,1,1
459,1,860,571,438,341,1,1,1
460,1,860,571,438,341,1,1,1
461,1,860,571,438,341,1,1,1
462,1,860,571,438,341,1,1,1
463,1,858,584,438,341,1,1,1
464,1,858,584,438,341,1,1,1
465,1,849,483,438,442,1,1,1
466,1,849,427,438,498,1,1,1
467,1,849,427,414,481,1,1,1
468,1,849,438,414,470,1,1,1
469,1,849,438,414,470,1,1,1
470,1,849,438,414,470,1,1,1
471,1,849,421,414,487,1,1,1
472,1,849,421,414,487,1,1,1
473,1,806,421,425,487,1,1,1
474,1,806,421,425,487,1,1,1
475,1,806,421,425,487,1,1,1
476,1,806,421,425,487,1,1,1
477,1,806,421,425,487,1,1,1
478,1,763,421,442,487,1,1,1
479,1,763,421,442,487,1,1,1
480,1,763,421,442,487,1,1,1
481,1,763,421,442,487,1,1,1
482,1,763,421,442,487,1,1,1
483,1,763,421,442,487,1,1,1
484,1,763,421,442,487,1,1,1
485,1,763,421,442,487,1,1,1
486,1,763,421,442,487,1,1,1
487,1,744,421,461,487,1,1,1
488,1,744,421,461,487,1,1,1
489,1,744,421,461,487,1,1,1
490,1,744,421,461,466,1,1,1
491,1,744,421,461,466,1,1,1
492,1,744,421,461,466,1,1,1
493,1,744,378,485,509,1,1,1
494,1,804,363,459,509,1,1,1
495,1,804,329,476,543,1,1,1
496,1,804,329,476,543,1,1,1
497,1,804,329,476,543,1,1,1
498,1,810,355,476,505,1,1,1
499,1,810,355,476,505,1,1,1
500,1,810,355,476,505,1,1,1
501,1,810,355,476,505,1,1,1
502,1,810,355,476,505,1,1,1
503,1,810,355,457,505,1,1,1
504,1,810,355,457,505,1,1,1
505,1,810,355,457,505,1,1,1
506,1,810,355,431,505,1,1,1
507,1,810,355,431,505,1,1,1
508,1,810,355,431,505,1,1,1
509,1,810,355,431,505,1,1,1
510,1,810,355,431,505,1,1,1
511,1,810,355,431,505,1,1,1
512,1,812,428,431,475,1,1,1
513,1,812,499,452,404,1,1,1
514,1,812,542,452,361,1,1,1
515,1,863,572,401,331,1,1,1
516,1,863,572,401,331,1,1,1
517,1,863,572,401,331,1,1,1
518,1,863,572,401,331,1,1,1
519,1,816,578,384,331,1,1,1
520,1,775,578,384,331,1,1,1
521,1,707,538,384,367,1,1,1
522,1,656,456,399,453,1,1,1
523,1,573,434,457,496,1,1,1
524,1,530,436,478,496,1,1,1
525,1,489,436,519,496,1,1,1
526,1,468,436,540,496,1,1,1
527,1,427,436,581,496,1,1,1
528,1,386,436,622,470,1,1,1
529,1,386,436,622,470,1,1,1
530,1,390,436,577,421,1,1,1
531,1,390,436,543,421,1,1,1
532,1,390,436,522,397,1,1,1
533,1,369,436,492,397,1,1,1
534,1,337,434,492,397,1,1,1
535,1,313,409,492,431,1,1,1
536,1,313,405,447,431,1,1,1
537,1,304,414,447,431,1,1,1
538,1,302,416,447,414,1,1,1
539,1,274,416,447,414,1,1,1
540,1,274,416,447,414,1,1,1
541,1,274,416,447,414,1,1,1
542,1,274,416,447,414,1,1,1
543,1,274,416,447,414,1,1,1
544,1,274,416,447,414,1,1,1
545,1,274,416,447,414,1,1,1
546,1,274,416,447,414,1,1,1
547,1,274,416,447,414,1,1,1
548,1,274,416,447,414,1,1,1
549,1,274,414,447,414,1,1,1
550,1,274,414,447,414,1,1,1
551,1,274,414,447,414,1,1,1
552,1,274,414,447,414,1,1,1
553,1,274,412,447,414,1,1,1
554,1,274,414,447,414,1,1,1
555,1,274,414,447,414,1,1,1
556,1,274,414,447,414,1,1,1
557,1,274,412,447,414,1,1,1
558,1,274,412,447,414,1,1,1
559,1,274,412,447,414,1,1,1
560,1,274,412,447,414,1,1,1
561,1,210,433,447,414,1,1,1
562,1,191,433,447,414,1,1,1
563,1,152,435,503,414,1,1,1
564,1,122,435,529,414,1,1,1
565,1,64,439,529,414,1,1,1
566,1,64,439,482,414,1,1,1
567,1,26,448,482,401,1,1,1
568,1,1,465,523,341,1,1,1
569,1,1,465,523,341,1,1,1
570,1,1,465,523,341,1,1,1
571,1,1,465,472,341,1,1,1
572,1,1,465,386,341,1,1,1
573,1,1,465,354,311,1,1,1
574,1,1,465,354,311,1,1,1
575,1,1,465,354,307,1,1,1
576,1,1,465,354,307,1,1,1
577,1,1,529,311,224,1,1,1
578,1,1,561,255,177,1,1,1
579,1,1,585,197,153,1,1,1
580,1,1,585,197,153,1,1,1
553,2,1285,946,321,135,1,1,1
554,2,1285,946,321,135,1,1,1
555,2,1285,946,321,135,1,1,1
556,2,1193,946,404,135,1,1,1
557,2,1163,940,404,135,1,1,1
558,2,1163,940,370,135,1,1,1
559,2,1161,914,342,165,1,1,1
560,2,1135,914,342,165,1,1,1
561,2,1071,831,406,248,1,1,1
562,2,1071,810,406,269,1,1,1
563,2,1071,810,344,269,1,1,1
564,2,1071,810,344,269,1,1,1
565,2,1009,784,406,295,1,1,1
566,2,1000,722,383,357,1,1,1
567,2,1000,722,383,319,1,1,1
568,2,998,709,383,306,1,1,1
569,2,998,690,383,325,1,1,1
570,2,985,652,383,325,1,1,1
571,2,989,616,383,325,1,1,1
572,2,1010,592,383,325,1,1,1
573,2,1019,573,383,325,1,1,1
574,2,1013,547,456,325,1,1,1
575,2,994,532,503,325,1,1,1
576,2,1000,489,503,325,1,1,1
577,2,1000,489,503,325,1,1,1
578,2,1000,489,467,325,1,1,1
579,2,1000,489,467,325,1,1,1
580,2,1000,489,467,325,1,1,1
581,2,1000,489,437,325,1,1,1
582,2,972,467,437,325,1,1,1
583,2,948,465,437,325,1,1,1
584,2,948,465,437,325,1,1,1
585,2,948,465,392,325,1,1,1
586,2,948,465,392,325,1,1,1
587,2,948,465,368,325,1,1,1
588,2,948,465,366,325,1,1,1
589,2,935,465,381,325,1,1,1
590,2,905,441,419,363,1,1,1
591,2,875,441,449,363,1,1,1
592,2,845,441,492,363,1,1,1
593,2,821,441,516,382,1,1,1
594,2,821,441,516,406,1,1,1
595,2,821,441,516,434,1,1,1
596,2,847,441,490,479,1,1,1
597,2,847,458,490,462,1,1,1
598,2,847,458,490,475,1,1,1
599,2,847,458,490,475,1,1,1
600,2,847,458,490,475,1,1,1
601,2,847,458,490,475,1,1,1
602,2,804,449,437,475,1,1,1
603,2,778,449,463,445,1,1,1
604,2,737,479,463,394,1,1,1
605,2,688,473,463,394,1,1,1
606,2,645,484,463,373,1,1,1
607,2,587,463,491,373,1,1,1
608,2,549,488,491,337,1,1,1
609,2,517,469,491,337,1,1,1
610,2,470,456,491,337,1,1,1
611,2,438,469,491,305,1,1,1
612,2,397,467,491,296,1,1,1
613,2,367,463,491,296,1,1,1
614,2,333,461,491,296,1,1,1
615,2,333,461,491,296,1,1,1
616,2,348,465,438,296,1,1,1
617,2,348,465,393,296,1,1,1
618,2,348,465,393,296,1,1,1
619,2,282,461,417,311,1,1,1
620,2,256,455,417,311,1,1,1
621,2,256,455,417,324,1,1,1
622,2,232,444,449,345,1,1,1
623,2,232,444,449,345,1,1,1
624,2,232,444,490,358,1,1,1
625,2,241,414,516,392,1,1,1
626,2,301,401,478,424,1,1,1
627,2,389,380,418,456,1,1,1
628,2,448,380,350,473,1,1,1
629,2,517,391,292,486,1,1,1
630,2,574,391,254,486,1,1,1
631,2,636,391,222,486,1,1,1
632,2,692,395,256,465,1,1,1
633,2,710,404,324,418,1,1,1
634,2,740,419,395,439,1,1,1
635,2,787,436,440,400,1,1,1
636,2,843,445,440,389,1,1,1
637,2,898,449,453,389,1,1,1
638,2,902,449,477,389,1,1,1
639,2,902,449,477,389,1,1,1
640,2,921,432,477,404,1,1,1
641,2,962,415,449,421,1,1,1
642,2,1009,415,402,421,1,1,1
643,2,1073,415,396,421,1,1,1
644,2,1120,415,349,421,1,1,1
645,2,1120,415,349,400,1,1,1
646,2,1120,432,349,383,1,1,1
647,2,1120,432,349,383,1,1,1
648,2,1120,432,383,353,1,1,1
649,2,1120,432,383,353,1,1,1
650,2,1120,432,383,336,1,1,1
651,2,1120,432,383,336,1,1,1
652,2,1120,432,411,351,1,1,1
653,2,1120,432,411,360,1,1,1
654,2,1120,564,411,245,1,1,1
655,2,1120,564,411,269,1,1,1
656,2,1120,622,411,213,1,1,1
657,2,1120,622,411,213,1,1,1
658,2,1064,622,373,213,1,1,1
659,2,1064,622,373,213,1,1,1
660,2,1064,622,373,213,1,1,1
661,2,1064,622,373,213,1,1,1
662,2,1064,622,373,213,1,1,1
663,2,1064,622,307,213,1,1,1
664,2,1021,601,350,234,1,1,1
665,2,985,601,330,234,1,1,1
666,2,985,601,330,234,1,1,1
667,2,921,601,347,234,1,1,1
668,2,883,618,373,234,1,1,1
669,2,851,616,373,234,1,1,1
670,2,823,616,390,234,1,1,1
671,2,785,620,414,234,1,1,1
672,2,757,620,414,234,1,1,1
673,2,757,620,414,234,1,1,1
674,2,757,620,414,234,1,1,1
675,2,757,620,401,234,1,1,1
676,2,757,620,401,234,1,1,1
677,2,738,618,398,255,1,1,1
678,2,738,618,398,255,1,1,1
679,2,762,594,348,313,1,1,1
680,2,762,594,348,313,1,1,1
681,2,762,594,348,313,1,1,1
682,2,762,594,348,313,1,1,1
683,2,762,594,348,289,1,1,1
684,2,762,594,348,289,1,1,1
685,2,734,594,376,289,1,1,1
686,2,734,594,376,289,1,1,1
687,2,689,566,376,330,1,1,1
688,2,676,555,376,330,1,1,1
689,2,676,555,376,330,1,1,1
690,2,661,555,391,351,1,1,1
691,2,661,555,391,351,1,1,1
692,2,661,555,391,351,1,1,1
693,2,661,555,391,351,1,1,1
694,2,661,555,391,351,1,1,1
695,2,661,527,350,379,1,1,1
696,2,661,527,350,379,1,1,1
697,2,661,527,350,379,1,1,1
698,2,661,527,350,379,1,1,1
699,2,661,527,350,379,1,1,1
700,2,661,527,350,379,1,1,1
701,2,650,495,350,379,1,1,1
702,2,650,450,350,424,1,1,1
703,2,650,450,350,424,1,1,1
704,2,650,450,350,424,1,1,1
705,2,567,439,350,424,1,1,1
706,2,567,439,350,424,1,1,1
707,2,499,437,350,424,1,1,1
708,2,449,416,350,458,1,1,1
709,2,406,414,350,458,1,1,1
710,2,372,414,350,458,1,1,1
711,2,323,418,350,458,1,1,1
712,2,276,431,350,458,1,1,1
713,2,250,446,412,413,1,1,1
714,2,207,450,457,413,1,1,1
715,2,173,448,483,413,1,1,1
716,2,124,435,483,413,1,1,1
717,2,71,431,483,413,1,1,1
718,2,26,429,483,413,1,1,1
719,2,13,433,483,413,1,1,1
720,2,13,433,483,413,1,1,1
721,2,13,433,483,413,1,1,1
722,2,13,433,402,413,1,1,1
723,2,13,467,402,379,1,1,1
724,2,13,467,331,379,1,1,1
725,2,1,463,331,379,1,1,1
726,2,1,463,331,364,1,1,1
727,2,1,463,331,364,1,1,1
728,2,1,463,331,313,1,1,1
729,2,1,463,267,313,1,1,1
730,2,1,463,218,313,1,1,1
731,2,1,463,218,313,1,1,1
732,2,1,463,218,313,1,1,1
733,2,1,576,218,200,1,1,1
734,2,1,576,218,153,1,1,1
735,2,1,576,218,153,1,1,1
736,2,1,576,218,153,1,1,1
635,3,1276,945,358,136,1,1,1
636,3,1276,945,324,136,1,1,1
637,3,1216,945,354,136,1,1,1
638,3,1139,945,433,136,1,1,1
639,3,1139,945,433,136,1,1,1
640,3,1086,936,446,136,1,1,1
641,3,1086,936,414,136,1,1,1
642,3,1086,936,386,136,1,1,1
643,3,1086,936,386,136,1,1,1
644,3,1086,885,386,187,1,1,1
645,3,1073,861,399,211,1,1,1
646,3,1015,870,440,211,1,1,1
647,3,1015,870,440,211,1,1,1
648,3,1047,844,408,237,1,1,1
649,3,1017,844,438,237,1,1,1
650,3,987,844,423,237,1,1,1
651,3,987,844,412,237,1,1,1
652,3,987,844,371,237,1,1,1
653,3,961,844,371,237,1,1,1
654,3,946,844,371,237,1,1,1
655,3,931,844,386,237,1,1,1
656,3,931,844,386,237,1,1,1
657,3,931,844,386,237,1,1,1
658,3,931,844,386,237,1,1,1
659,3,963,844,354,237,1,1,1
660,3,963,844,354,237,1,1,1
661,3,963,844,354,237,1,1,1
662,3,963,844,354,237,1,1,1
663,3,963,844,354,237,1,1,1
664,3,963,844,354,237,1,1,1
665,3,963,844,354,237,1,1,1
666,3,989,844,328,237,1,1,1
667,3,989,844,362,237,1,1,1
668,3,989,844,362,237,1,1,1
669,3,989,844,362,237,1,1,1
670,3,989,844,362,237,1,1,1
671,3,989,844,362,237,1,1,1
672,3,989,844,362,237,1,1,1
673,3,989,844,362,237,1,1,1
674,3,989,844,362,237,1,1,1
675,3,989,844,403,237,1,1,1
676,3,989,844,403,237,1,1,1
677,3,989,844,403,237,1,1,1
678,3,989,844,403,237,1,1,1
679,3,987,844,405,237,1,1,1
680,3,987,844,405,237,1,1,1
681,3,987,844,405,237,1,1,1
682,3,987,844,405,237,1,1,1
683,3,987,844,405,237,1,1,1
684,3,987,844,429,237,1,1,1
685,3,1019,797,397,284,1,1,1
686,3,1019,797,397,284,1,1,1
687,3,1019,797,397,284,1,1,1
688,3,1019,797,397,284,1,1,1
689,3,1019,797,397,284,1,1,1
690,3,1019,784,397,297,1,1,1
691,3,1019,707,397,374,1,1,1
692,3,1019,662,397,419,1,1,1
693,3,1019,611,438,470,1,1,1
694,3,1019,543,438,506,1,1,1
695,3,1019,479,438,534,1,1,1
696,3,1019,479,438,534,1,1,1
697,3,1070,421,438,534,1,1,1
698,3,1070,421,438,534,1,1,1
699,3,1070,421,438,534,1,1,1
700,3,1070,421,438,534,1,1,1
701,3,1051,419,438,491,1,1,1
702,3,1021,419,468,491,1,1,1
703,3,1021,419,468,491,1,1,1
704,3,1021,419,434,491,1,1,1
705,3,1021,419,412,491,1,1,1
706,3,1021,419,380,491,1,1,1
707,3,1021,419,380,491,1,1,1
708,3,1021,417,356,491,1,1,1
709,3,987,400,356,491,1,1,1
710,3,987,400,356,491,1,1,1
711,3,987,400,356,491,1,1,1
712,3,991,462,356,429,1,1,1
713,3,972,511,394,352,1,1,1
714,3,970,509,428,352,1,1,1
715,3,970,509,428,352,1,1,1
716,3,970,547,428,295,1,1,1
717,3,993,530,486,319,1,1,1
718,3,993,530,486,304,1,1,1
719,3,1021,521,486,304,1,1,1
720,3,1021,521,486,304,1,1,1
721,3,991,472,516,353,1,1,1
722,3,972,472,535,353,1,1,1
723,3,972,472,535,353,1,1,1
724,3,934,442,573,383,1,1,1
725,3,934,442,535,383,1,1,1
726,3,917,453,520,383,1,1,1
727,3,913,434,471,383,1,1,1
728,3,913,434,435,383,1,1,1
729,3,875,436,435,383,1,1,1
730,3,845,419,435,383,1,1,1
731,3,866,419,414,383,1,1,1
732,3,866,419,414,383,1,1,1
733,3,894,368,386,434,1,1,1
734,3,894,368,386,434,1,1,1
735,3,894,368,386,434,1,1,1
736,3,905,347,386,434,1,1,1
737,3,905,347,386,434,1,1,1
738,3,905,319,422,462,1,1,1
739,3,905,319,422,462,1,1,1
740,3,905,319,422,462,1,1,1
741,3,905,319,452,462,1,1,1
742,3,905,319,452,443,1,1,1
743,3,905,319,452,438,1,1,1
744,3,905,319,452,438,1,1,1
745,3,905,319,452,438,1,1,1
746,3,869,328,499,438,1,1,1
747,3,869,328,499,438,1,1,1
748,3,854,328,514,438,1,1,1
749,3,854,328,514,466,1,1,1
750,3,848,337,493,498,1,1,1
751,3,848,337,493,498,1,1,1
752,3,839,341,457,526,1,1,1
753,3,807,341,489,564,1,1,1
754,3,773,326,489,598,1,1,1
755,3,752,347,489,598,1,1,1
756,3,731,347,489,598,1,1,1
757,3,695,360,489,598,1,1,1
758,3,669,364,489,609,1,1,1
759,3,669,364,489,609,1,1,1
760,3,633,358,453,609,1,1,1
761,3,603,347,423,588,1,1,1
762,3,571,347,404,588,1,1,1
763,3,528,345,404,588,1,1,1
764,3,502,345,430,567,1,1,1
765,3,502,345,430,567,1,1,1
766,3,421,336,430,567,1,1,1
767,3,372,340,430,567,1,1,1
768,3,363,329,430,567,1,1,1
769,3,310,325,490,567,1,1,1
770,3,259,338,524,567,1,1,1
771,3,259,338,524,567,1,1,1
772,3,208,404,524,501,1,1,1
773,3,208,404,524,501,1,1,1
774,3,217,498,423,386,1,1,1
775,3,217,498,423,386,1,1,1
776,3,217,498,423,386,1,1,1
777,3,217,498,423,386,1,1,1
778,3,217,498,397,386,1,1,1
779,3,198,528,397,360,1,1,1
780,3,198,528,397,360,1,1,1
781,3,198,464,397,424,1,1,1
782,3,198,464,438,424,1,1,1
783,3,198,464,496,392,1,1,1
784,3,198,464,496,392,1,1,1
785,3,196,464,496,392,1,1,1
786,3,196,449,532,407,1,1,1
787,3,196,449,532,407,1,1,1
788,3,196,449,513,407,1,1,1
789,3,196,449,513,407,1,1,1
790,3,196,449,513,407,1,1,1
791,3,196,449,513,407,1,1,1
792,3,196,449,513,407,1,1,1
793,3,196,449,513,407,1,1,1
794,3,196,449,513,407,1,1,1
795,3,196,449,513,407,1,1,1
796,3,211,447,513,407,1,1,1
797,3,211,447,513,407,1,1,1
798,3,211,447,513,407,1,1,1
799,3,211,447,513,407,1,1,1
800,3,211,447,556,407,1,1,1
801,3,205,447,556,407,1,1,1
802,3,205,447,518,407,1,1,1
803,3,205,447,518,407,1,1,1
804,3,164,445,542,407,1,1,1
805,3,164,445,542,407,1,1,1
806,3,164,445,542,407,1,1,1
807,3,140,449,542,416,1,1,1
808,3,108,434,542,446,1,1,1
809,3,84,434,542,446,1,1,1
810,3,67,419,542,482,1,1,1
811,3,9,419,600,482,1,1,1
812,3,9,443,600,477,1,1,1
813,3,9,443,549,477,1,1,1
814,3,9,469,455,451,1,1,1
815,3,9,469,455,451,1,1,1
816,3,9,469,402,451,1,1,1
817,3,5,490,421,323,1,1,1
818,3,5,522,393,291,1,1,1
819,3,5,554,340,221,1,1,1
820,3,5,554,297,193,1,1,1
821,3,5,554,250,169,1,1,1
822,3,5,554,250,169,1,1,1
823,3,5,554,250,169,1,1,1
824,3,5,554,250,167,1,1,1
825,3,5,554,250,167,1,1,1
826,3,1,588,190,167,1,1,1
745,4,1291,932,338,149,1,1,1
746,4,1291,951,338,130,1,1,1
747,4,1218,949,383,130,1,1,1
748,4,1165,932,439,149,1,1,1
749,4,1146,908,471,173,1,1,1
750,4,1146,908,471,173,1,1,1
751,4,1146,908,381,173,1,1,1
752,4,1146,908,381,173,1,1,1
753,4,1073,908,428,173,1,1,1
754,4,1017,902,469,173,1,1,1
755,4,1017,902,448,173,1,1,1
756,4,1017,902,427,173,1,1,1
757,4,1004,902,440,173,1,1,1
758,4,1004,851,419,224,1,1,1
759,4,1004,808,419,267,1,1,1
760,4,1006,769,419,308,1,1,1
761,4,1006,769,419,308,1,1,1
762,4,1006,769,436,308,1,1,1
763,4,1006,769,436,308,1,1,1
764,4,1006,769,436,308,1,1,1
765,4,1006,769,449,308,1,1,1
766,4,1006,741,449,336,1,1,1
767,4,1006,726,449,351,1,1,1
768,4,1006,709,449,351,1,1,1
769,4,1006,709,449,351,1,1,1
770,4,1006,709,449,321,1,1,1
771,4,1006,709,449,300,1,1,1
772,4,1015,617,449,366,1,1,1
773,4,1021,579,449,366,1,1,1
774,4,1006,570,528,338,1,1,1
775,4,1006,527,573,381,1,1,1
776,4,1020,508,597,353,1,1,1
777,4,1020,508,597,353,1,1,1
778,4,1020,480,644,370,1,1,1
779,4,1041,471,627,370,1,1,1
780,4,1041,471,627,370,1,1,1
781,4,1041,445,627,396,1,1,1
782,4,1041,445,627,396,1,1,1
783,4,1041,445,591,396,1,1,1
784,4,1041,445,591,396,1,1,1
785,4,1011,447,591,396,1,1,1
786,4,988,457,591,377,1,1,1
787,4,956,469,591,356,1,1,1
788,4,956,469,591,356,1,1,1
789,4,962,503,476,356,1,1,1
790,4,962,503,442,356,1,1,1
791,4,956,483,408,397,1,1,1
792,4,964,487,374,397,1,1,1
793,4,940,478,374,397,1,1,1
794,4,934,461,374,397,1,1,1
795,4,934,461,374,397,1,1,1
796,4,925,463,374,397,1,1,1
797,4,919,448,374,373,1,1,1
798,4,889,393,374,430,1,1,1
799,4,848,384,393,430,1,1,1
800,4,848,384,393,430,1,1,1
801,4,827,399,393,430,1,1,1
802,4,850,384,355,430,1,1,1
803,4,850,352,355,462,1,1,1
804,4,850,352,355,475,1,1,1
805,4,850,352,355,475,1,1,1
806,4,850,352,355,475,1,1,1
807,4,850,352,372,475,1,1,1
808,4,833,414,389,413,1,1,1
809,4,833,444,389,383,1,1,1
810,4,805,444,417,383,1,1,1
811,4,805,444,417,383,1,1,1
812,4,771,444,451,383,1,1,1
813,4,760,371,462,456,1,1,1
814,4,779,371,443,456,1,1,1
815,4,779,371,443,456,1,1,1
816,4,779,467,443,360,1,1,1
817,4,794,431,467,401,1,1,1
818,4,779,397,520,431,1,1,1
819,4,762,384,520,455,1,1,1
820,4,762,384,520,455,1,1,1
821,4,792,371,477,455,1,1,1
822,4,792,371,477,455,1,1,1
823,4,792,371,477,455,1,1,1
824,4,792,371,447,455,1,1,1
825,4,762,358,475,455,1,1,1
826,4,762,317,458,496,1,1,1
827,4,762,317,458,496,1,1,1
828,4,724,300,458,496,1,1,1
829,4,724,300,458,496,1,1,1
830,4,724,300,458,496,1,1,1
831,4,724,300,437,496,1,1,1
832,4,724,300,437,496,1,1,1
833,4,724,300,437,496,1,1,1
834,4,724,300,437,496,1,1,1
835,4,724,300,437,496,1,1,1
836,4,724,300,437,496,1,1,1
837,4,724,300,405,496,1,1,1
838,4,724,362,437,434,1,1,1
839,4,724,362,437,434,1,1,1
840,4,720,377,437,419,1,1,1
841,4,720,351,437,445,1,1,1
842,4,720,327,437,469,1,1,1
843,4,720,327,437,469,1,1,1
844,4,707,334,437,503,1,1,1
845,4,707,334,437,503,1,1,1
846,4,707,334,437,503,1,1,1
847,4,726,331,437,503,1,1,1
848,4,726,331,437,503,1,1,1
849,4,745,322,437,503,1,1,1
850,4,745,322,437,503,1,1,1
851,4,773,337,437,465,1,1,1
852,4,773,337,437,465,1,1,1
853,4,792,397,516,405,1,1,1
854,4,792,397,516,426,1,1,1
855,4,792,397,516,426,1,1,1
856,4,792,397,516,426,1,1,1
857,4,792,397,516,426,1,1,1
858,4,816,427,469,394,1,1,1
859,4,816,427,441,394,1,1,1
860,4,816,367,441,454,1,1,1
861,4,816,367,441,454,1,1,1
862,4,816,367,441,454,1,1,1
863,4,805,367,441,454,1,1,1
864,4,805,367,441,454,1,1,1
865,4,805,367,441,454,1,1,1
866,4,805,367,441,454,1,1,1
867,4,805,363,441,454,1,1,1
868,4,779,363,467,454,1,1,1
869,4,779,363,467,454,1,1,1
870,4,762,435,467,371,1,1,1
871,4,738,431,467,371,1,1,1
872,4,738,431,467,371,1,1,1
873,4,734,446,467,371,1,1,1
874,4,734,446,452,371,1,1,1
875,4,734,446,452,371,1,1,1
876,4,734,446,452,371,1,1,1
877,4,734,446,452,371,1,1,1
878,4,734,446,452,371,1,1,1
879,4,734,446,452,371,1,1,1
880,4,734,446,452,371,1,1,1
881,4,734,446,469,371,1,1,1
882,4,734,446,469,371,1,1,1
883,4,734,446,469,371,1,1,1
884,4,734,446,469,371,1,1,1
885,4,772,439,469,371,1,1,1
886,4,772,439,469,371,1,1,1
887,4,772,439,469,371,1,1,1
888,4,781,428,469,371,1,1,1
889,4,781,428,469,371,1,1,1
890,4,781,428,469,371,1,1,1
891,4,781,428,469,371,1,1,1
892,4,781,428,469,371,1,1,1
893,4,783,379,469,439,1,1,1
894,4,783,379,469,439,1,1,1
895,4,760,388,398,439,1,1,1
896,4,760,388,398,439,1,1,1
897,4,760,388,398,439,1,1,1
898,4,760,388,398,439,1,1,1
899,4,760,388,398,439,1,1,1
900,4,739,384,428,439,1,1,1
901,4,739,422,428,401,1,1,1
902,4,739,422,428,401,1,1,1
903,4,743,416,464,401,1,1,1
904,4,743,416,464,401,1,1,1
905,4,743,416,464,401,1,1,1
906,4,743,416,464,388,1,1,1
907,4,743,416,464,388,1,1,1
908,4,743,416,464,388,1,1,1
909,4,767,416,440,388,1,1,1
910,4,767,416,440,388,1,1,1
911,4,767,416,440,388,1,1,1
912,4,767,416,440,388,1,1,1
913,4,767,416,440,388,1,1,1
914,4,795,431,461,388,1,1,1
915,4,825,431,499,388,1,1,1
916,4,864,444,550,356,1,1,1
917,4,864,444,627,356,1,1,1
918,4,864,444,670,356,1,1,1
919,4,890,429,670,356,1,1,1
920,4,922,429,638,373,1,1,1
921,4,922,429,638,373,1,1,1
922,4,933,427,638,373,1,1,1
923,4,933,427,638,373,1,1,1
924,4,933,427,638,373,1,1,1
925,4,933,427,638,373,1,1,1
926,4,933,427,574,373,1,1,1
927,4,933,427,574,373,1,1,1
928,4,927,451,574,373,1,1,1
929,4,925,449,465,409,1,1,1
930,4,914,425,435,454,1,1,1
931,4,916,397,403,516,1,1,1
932,4,916,397,403,516,1,1,1
933,4,916,371,403,542,1,1,1
934,4,916,371,403,574,1,1,1
935,4,916,333,403,636,1,1,1
936,4,916,333,403,636,1,1,1
937,4,878,457,381,512,1,1,1
938,4,878,508,381,461,1,1,1
939,4,878,540,353,429,1,1,1
940,4,833,568,353,395,1,1,1
941,4,795,568,353,395,1,1,1
942,4,746,583,353,431,1,1,1
943,4,675,600,385,431,1,1,1
944,4,628,570,385,467,1,1,1
945,4,575,587,385,467,1,1,1
946,4,509,617,385,416,1,1,1
947,4,445,617,477,416,1,1,1
948,4,377,608,501,435,1,1,1
949,4,326,608,456,430,1,1,1
950,4,274,632,418,430,1,1,1
951,4,244,636,484,428,1,1,1
952,4,178,645,550,430,1,1,1
953,4,178,645,550,430,1,1,1
954,4,101,653,576,428,1,1,1
955,4,60,717,576,364,1,1,1
956,4,15,747,576,332,1,1,1
957,4,21,769,535,308,1,1,1
958,4,2,773,552,308,1,1,1
959,4,2,773,533,308,1,1,1
960,4,1,773,458,308,1,1,1
961,4,1,773,390,308,1,1,1
962,4,1,773,390,308,1,1,1
963,4,1,773,390,308,1,1,1
964,4,1,773,390,274,1,1,1
965,4,1,773,390,274,1,1,1
966,4,1,773,262,246,1,1,1
967,4,5,807,262,188,1,1,1
806,5,1240,911,364,170,1,1,1
807,5,1214,907,364,170,1,1,1
808,5,1184,907,392,174,1,1,1
809,5,1167,907,411,174,1,1,1
810,5,1167,907,411,174,1,1,1
811,5,1167,907,334,174,1,1,1
812,5,1167,907,291,174,1,1,1
813,5,1167,907,362,174,1,1,1
814,5,1150,888,358,193,1,1,1
815,5,1150,888,358,193,1,1,1
816,5,1133,893,358,182,1,1,1
817,5,1133,893,358,182,1,1,1
818,5,1133,893,358,182,1,1,1
819,5,1086,897,358,184,1,1,1
820,5,1033,897,399,184,1,1,1
821,5,1014,895,399,184,1,1,1
822,5,1014,895,380,184,1,1,1
823,5,1014,895,380,184,1,1,1
824,5,1014,895,354,184,1,1,1
825,5,1014,895,354,184,1,1,1
826,5,1014,816,354,263,1,1,1
827,5,1014,816,354,263,1,1,1
828,5,1014,816,399,263,1,1,1
829,5,1014,816,399,263,1,1,1
830,5,1014,816,500,263,1,1,1
831,5,1059,816,455,263,1,1,1
832,5,1059,816,455,263,1,1,1
833,5,1059,782,470,297,1,1,1
834,5,1059,782,470,297,1,1,1
835,5,1059,782,470,297,1,1,1
836,5,1059,782,470,297,1,1,1
837,5,1059,782,470,297,1,1,1
838,5,1059,754,442,325,1,1,1
839,5,1059,754,418,325,1,1,1
840,5,991,756,474,325,1,1,1
841,5,940,752,493,325,1,1,1
842,5,899,756,493,325,1,1,1
843,5,879,760,477,321,1,1,1
844,5,879,758,398,321,1,1,1
845,5,851,760,398,321,1,1,1
846,5,813,796,374,285,1,1,1
847,5,750,813,394,266,1,1,1
848,5,726,815,394,266,1,1,1
849,5,685,815,394,266,1,1,1
850,5,657,806,366,266,1,1,1
851,5,612,780,366,298,1,1,1
852,5,543,789,355,292,1,1,1
853,5,505,787,355,292,1,1,1
854,5,437,750,355,318,1,1,1
855,5,386,737,411,331,1,1,1
856,5,309,741,462,331,1,1,1
857,5,260,724,462,331,1,1,1
858,5,226,673,462,374,1,1,1
859,5,200,649,426,374,1,1,1
860,5,179,606,426,374,1,1,1
861,5,166,568,426,363,1,1,1
862,5,121,527,447,363,1,1,1
863,5,83,495,447,363,1,1,1
864,5,72,450,447,363,1,1,1
865,5,51,420,447,378,1,1,1
866,5,51,420,447,378,1,1,1
867,5,23,364,492,402,1,1,1
868,5,1,362,492,402,1,1,1
869,5,1,362,492,402,1,1,1
870,5,1,362,492,402,1,1,1
871,5,1,362,492,402,1,1,1
872,5,1,362,458,402,1,1,1
873,5,1,362,411,402,1,1,1
874,5,1,362,392,402,1,1,1
875,5,1,362,392,402,1,1,1
876,5,1,362,392,402,1,1,1
877,5,1,362,392,402,1,1,1
878,5,1,362,392,402,1,1,1
879,5,1,484,392,325,1,1,1
880,5,1,531,392,284,1,1,1
881,5,1,518,392,312,1,1,1
882,5,1,518,392,312,1,1,1
883,5,1,518,392,312,1,1,1
884,5,1,518,392,312,1,1,1
885,5,1,480,392,386,1,1,1
886,5,1,480,392,386,1,1,1
887,5,1,480,392,386,1,1,1
888,5,1,456,392,386,1,1,1
889,5,1,456,392,386,1,1,1
890,5,1,456,392,386,1,1,1
891,5,1,456,392,386,1,1,1
892,5,1,456,392,386,1,1,1
893,5,1,341,392,501,1,1,1
894,5,1,341,392,501,1,1,1
895,5,1,341,349,501,1,1,1
896,5,1,341,349,501,1,1,1
897,5,1,341,349,501,1,1,1
898,5,1,341,349,501,1,1,1
899,5,1,341,349,501,1,1,1
900,5,1,397,349,445,1,1,1
901,5,1,397,349,445,1,1,1
902,5,1,397,349,445,1,1,1
903,5,1,397,349,445,1,1,1
904,5,1,397,349,445,1,1,1
905,5,1,397,349,402,1,1,1
906,5,1,397,349,402,1,1,1
907,5,1,397,349,402,1,1,1
908,5,1,397,349,402,1,1,1
909,5,1,495,349,268,1,1,1
910,5,1,495,349,268,1,1,1
911,5,1,574,349,189,1,1,1
912,5,3,557,349,189,1,1,1
913,5,3,557,349,189,1,1,1
914,5,3,557,349,189,1,1,1
915,5,3,557,349,189,1,1,1
916,5,3,557,349,189,1,1,1
917,5,3,557,349,189,1,1,1
918,5,3,557,349,189,1,1,1
919,5,3,557,349,189,1,1,1
920,5,3,557,349,189,1,1,1
921,5,3,557,349,189,1,1,1
922,5,3,557,349,242,1,1,1
923,5,3,557,349,242,1,1,1
924,5,3,557,349,242,1,1,1
925,5,3,557,349,242,1,1,1
926,5,3,557,349,242,1,1,1
927,5,3,557,349,242,1,1,1
928,5,3,506,349,293,1,1,1
929,5,3,506,349,293,1,1,1
930,5,3,538,349,261,1,1,1
931,5,1,574,349,261,1,1,1
932,5,1,574,349,261,1,1,1
933,5,1,538,349,297,1,1,1
934,5,1,480,349,355,1,1,1
935,5,1,480,349,355,1,1,1
936,5,1,480,349,355,1,1,1
937,5,1,480,349,355,1,1,1
938,5,1,480,349,355,1,1,1
939,5,1,480,349,355,1,1,1
940,5,3,435,349,381,1,1,1
941,5,3,435,349,381,1,1,1
942,5,3,435,349,381,1,1,1
943,5,3,435,349,381,1,1,1
944,5,3,435,349,381,1,1,1
945,5,3,435,349,381,1,1,1
946,5,3,435,349,381,1,1,1
947,5,3,435,349,381,1,1,1
948,5,3,435,349,381,1,1,1
949,5,3,435,349,381,1,1,1
950,5,3,435,349,381,1,1,1
951,5,3,435,349,381,1,1,1
952,5,3,435,349,381,1,1,1
953,5,3,435,349,381,1,1,1
954,5,3,435,349,381,1,1,1
955,5,1,407,349,409,1,1,1
956,5,1,407,349,409,1,1,1
957,5,1,407,349,409,1,1,1
958,5,1,405,349,409,1,1,1
959,5,1,405,349,409,1,1,1
960,5,1,405,422,409,1,1,1
961,5,1,401,446,409,1,1,1
962,5,1,401,446,409,1,1,1
963,5,1,401,446,409,1,1,1
964,5,1,429,446,379,1,1,1
965,5,12,414,446,379,1,1,1
966,5,12,414,470,379,1,1,1
967,5,12,414,470,379,1,1,1
968,5,1,427,470,409,1,1,1
969,5,1,427,470,409,1,1,1
970,5,1,427,470,409,1,1,1
971,5,1,427,470,409,1,1,1
972,5,1,427,470,409,1,1,1
973,5,1,427,470,409,1,1,1
974,5,1,427,470,409,1,1,1
975,5,1,427,470,409,1,1,1
976,5,1,427,470,409,1,1,1
977,5,1,427,470,409,1,1,1
978,5,1,427,470,409,1,1,1
979,5,1,427,470,409,1,1,1
980,5,1,427,470,409,1,1,1
981,5,1,427,470,409,1,1,1
982,5,1,427,470,409,1,1,1
983,5,1,427,470,409,1,1,1
984,5,1,427,470,409,1,1,1
985,5,1,427,470,409,1,1,1
986,5,1,427,470,409,1,1,1
987,5,1,427,470,409,1,1,1
988,5,16,406,470,409,1,1,1
989,5,16,406,538,409,1,1,1
990,5,16,406,602,409,1,1,1
991,5,16,406,640,409,1,1,1
992,5,16,406,640,409,1,1,1
993,5,48,406,578,409,1,1,1
994,5,48,406,578,409,1,1,1
995,5,48,406,505,409,1,1,1
996,5,48,406,464,409,1,1,1
997,5,22,406,464,409,1,1,1
998,5,22,406,464,409,1,1,1
999,5,22,397,464,433,1,1,1
1000,5,22,397,464,433,1,1,1
1001,5,22,397,464,433,1,1,1
1002,5,22,397,464,454,1,1,1
1003,5,1,397,464,454,1,1,1
1004,5,1,397,464,454,1,1,1
1005,5,1,397,464,454,1,1,1
1006,5,1,397,464,454,1,1,1
1007,5,1,397,464,454,1,1,1
1008,5,1,397,464,490,1,1,1
1009,5,1,393,464,490,1,1,1
1010,5,1,393,464,490,1,1,1
1011,5,1,393,464,490,1,1,1
1012,5,1,393,464,490,1,1,1
1013,5,3,384,464,490,1,1,1
1014,5,3,384,464,490,1,1,1
1015,5,3,384,464,490,1,1,1
1016,5,3,384,464,490,1,1,1
1017,5,3,384,464,490,1,1,1
1018,5,3,384,464,490,1,1,1
1019,5,3,384,464,490,1,1,1
1020,5,3,384,464,490,1,1,1
1021,5,3,384,464,454,1,1,1
1022,5,3,384,464,454,1,1,1
1023,5,3,384,464,454,1,1,1
1024,5,3,384,464,454,1,1,1
1025,5,3,367,464,454,1,1,1
1026,5,3,367,464,454,1,1,1
1027,5,3,367,464,454,1,1,1
1028,5,3,367,464,454,1,1,1
1029,5,3,367,464,454,1,1,1
1030,5,3,337,464,454,1,1,1
1031,5,3,337,464,454,1,1,1
1032,5,3,337,464,454,1,1,1
1033,5,3,337,464,454,1,1,1
1034,5,3,397,438,362,1,1,1
1035,5,3,483,438,276,1,1,1
1036,5,3,483,438,276,1,1,1
1037,5,3,483,438,276,1,1,1
1038,5,3,483,438,276,1,1,1
1039,5,3,483,438,276,1,1,1
1040,5,1,481,438,276,1,1,1
1041,5,1,481,406,276,1,1,1
1042,5,1,481,406,276,1,1,1
1043,5,1,481,406,276,1,1,1
1044,5,1,481,406,276,1,1,1
1045,5,1,481,406,276,1,1,1
1046,5,1,440,406,317,1,1,1
1047,5,1,432,406,325,1,1,1
1048,5,1,400,406,357,1,1,1
1049,5,1,383,406,374,1,1,1
1050,5,1,374,406,383,1,1,1
1051,5,1,374,406,383,1,1,1
1052,5,1,374,406,383,1,1,1
1053,5,1,374,406,383,1,1,1
1054,5,1,374,406,383,1,1,1
1055,5,1,374,346,383,1,1,1
1056,5,1,374,346,383,1,1,1
1057,5,1,374,346,383,1,1,1
1058,5,1,374,346,383,1,1,1
1059,5,1,374,346,383,1,1,1
1060,5,1,374,346,383,1,1,1
1061,5,1,374,346,383,1,1,1
1062,5,1,436,346,321,1,1,1
1063,5,1,436,346,321,1,1,1
1064,5,1,436,346,321,1,1,1
1065,5,1,436,346,321,1,1,1
1066,5,1,436,320,321,1,1,1
1067,5,1,436,320,321,1,1,1
1068,5,1,436,320,321,1,1,1
1069,5,1,436,320,321,1,1,1
1070,5,1,436,320,321,1,1,1
1071,5,7,468,320,276,1,1,1
1072,5,7,468,320,276,1,1,1
1073,5,7,549,320,195,1,1,1
1074,5,7,549,320,195,1,1,1
1075,5,7,549,320,195,1,1,1
1076,5,7,549,320,195,1,1,1
1077,5,7,549,196,195,1,1,1
1078,5,7,549,181,195,1,1,1
896,6,1150,909,422,172,1,1,1
897,6,1150,909,422,172,1,1,1
898,6,1150,933,373,148,1,1,1
899,6,1150,933,373,148,1,1,1
900,6,1150,933,373,148,1,1,1
901,6,1150,933,283,148,1,1,1
902,6,1150,933,283,148,1,1,1
903,6,990,933,354,148,1,1,1
904,6,990,933,298,148,1,1,1
905,6,990,933,251,148,1,1,1
906,6,990,933,193,148,1,1,1
907,6,975,933,165,148,1,1,1
908,6,877,924,238,148,1,1,1
909,6,785,930,302,148,1,1,1
910,6,759,933,302,148,1,1,1
911,6,750,933,249,148,1,1,1
912,6,750,933,181,148,1,1,1
913,6,720,933,157,148,1,1,1
914,6,720,933,157,148,1,1,1
915,6,617,933,230,148,1,1,1
916,6,521,933,333,148,1,1,1
917,6,504,931,333,148,1,1,1
918,6,504,931,333,148,1,1,1
919,6,472,933,333,148,1,1,1
920,6,421,931,297,148,1,1,1
921,6,365,908,239,167,1,1,1
922,6,316,912,284,167,1,1,1
923,6,299,914,284,167,1,1,1
924,6,261,914,331,167,1,1,1
925,6,233,914,359,167,1,1,1
926,6,233,914,359,167,1,1,1
927,6,216,914,359,167,1,1,1
928,6,167,914,359,167,1,1,1
929,6,167,895,359,186,1,1,1
930,6,167,871,359,210,1,1,1
931,6,167,871,335,210,1,1,1
932,6,167,871,335,210,1,1,1
933,6,148,871,335,210,1,1,1
934,6,148,852,335,229,1,1,1
935,6,137,852,335,229,1,1,1
936,6,150,852,335,229,1,1,1
937,6,137,852,335,229,1,1,1
938,6,137,852,335,229,1,1,1
939,6,188,854,453,227,1,1,1
940,6,216,854,453,227,1,1,1
941,6,261,854,453,227,1,1,1
942,6,308,854,453,227,1,1,1
943,6,383,854,286,227,1,1,1
944,6,411,854,256,227,1,1,1
945,6,467,854,192,227,1,1,1
946,6,469,963,192,118,1,1,1
947,6,467,963,224,118,1,1,1
948,6,505,983,224,94,1,1,1
949,6,586,898,203,181,1,1,1
950,6,586,870,235,209,1,1,1
951,6,577,795,263,286,1,1,1
952,6,577,754,280,327,1,1,1
953,6,577,741,282,340,1,1,1
954,6,588,741,344,340,1,1,1
955,6,607,728,344,353,1,1,1
956,6,622,724,344,353,1,1,1
957,6,665,720,344,353,1,1,1
958,6,682,707,344,353,1,1,1
959,6,723,660,382,409,1,1,1
960,6,747,624,382,409,1,1,1
961,6,792,628,382,358,1,1,1
962,6,830,602,423,358,1,1,1
963,6,875,619,423,332,1,1,1
964,6,894,581,455,332,1,1,1
965,6,905,532,455,332,1,1,1
966,6,926,442,436,407,1,1,1
967,6,926,382,436,439,1,1,1
968,6,930,365,436,439,1,1,1
969,6,930,365,436,439,1,1,1
970,6,930,365,436,439,1,1,1
971,6,930,365,436,439,1,1,1
972,6,930,365,436,439,1,1,1
973,6,930,308,436,477,1,1,1
974,6,930,308,436,477,1,1,1
975,6,930,308,436,477,1,1,1
976,6,968,310,436,477,1,1,1
977,6,987,308,436,477,1,1,1
978,6,991,417,477,381,1,1,1
979,6,997,443,477,334,1,1,1
980,6,1001,462,477,334,1,1,1
981,6,1001,462,477,334,1,1,1
982,6,928,426,539,426,1,1,1
983,6,928,426,539,426,1,1,1
984,6,857,445,539,426,1,1,1
985,6,840,460,539,426,1,1,1
986,6,795,462,490,460,1,1,1
987,6,765,481,490,460,1,1,1
988,6,748,485,490,460,1,1,1
989,6,731,466,490,511,1,1,1
990,6,731,466,490,530,1,1,1
991,6,731,470,490,530,1,1,1
992,6,731,470,407,530,1,1,1
993,6,731,470,383,530,1,1,1
994,6,731,470,383,556,1,1,1
995,6,731,470,368,556,1,1,1
996,6,731,468,368,556,1,1,1
997,6,731,447,368,556,1,1,1
998,6,727,445,368,556,1,1,1
999,6,710,447,368,556,1,1,1
1000,6,710,447,368,511,1,1,1
1001,6,710,447,312,511,1,1,1
1002,6,710,447,312,490,1,1,1
1003,6,652,449,312,490,1,1,1
1004,6,652,449,312,490,1,1,1
1005,6,616,445,312,526,1,1,1
1006,6,556,430,329,550,1,1,1
1007,6,503,430,329,606,1,1,1
1008,6,462,454,329,606,1,1,1
1009,6,409,475,442,606,1,1,1
1010,6,362,503,442,578,1,1,1
1011,6,328,589,442,492,1,1,1
1012,6,328,687,386,394,1,1,1
1013,6,294,687,386,394,1,1,1
1014,6,266,687,429,394,1,1,1
1015,6,242,710,453,371,1,1,1
1016,6,242,710,432,371,1,1,1
1017,6,242,710,432,371,1,1,1
1018,6,242,710,417,371,1,1,1
1019,6,242,710,417,371,1,1,1
1020,6,242,710,417,371,1,1,1
1021,6,270,763,359,318,1,1,1
1022,6,270,829,327,252,1,1,1
1023,6,270,829,327,252,1,1,1
1024,6,212,829,374,252,1,1,1
1025,6,201,829,374,252,1,1,1
1026,6,201,829,374,252,1,1,1
1027,6,184,900,374,181,1,1,1
1028,6,118,900,440,181,1,1,1
1029,6,118,900,440,181,1,1,1
1030,6,118,900,378,181,1,1,1
1031,6,97,891,378,181,1,1,1
1032,6,97,891,378,181,1,1,1
1033,6,82,893,378,181,1,1,1
1034,6,82,893,378,181,1,1,1
1035,6,108,895,378,183,1,1,1
1036,6,80,898,378,183,1,1,1
1037,6,91,898,378,183,1,1,1
1038,6,147,898,322,183,1,1,1
1039,6,215,894,269,183,1,1,1
988,7,1291,944,330,137,1,1,1
989,7,1291,944,330,137,1,1,1
990,7,1259,944,330,137,1,1,1
991,7,1259,944,330,137,1,1,1
992,7,1193,944,398,137,1,1,1
993,7,1150,942,447,137,1,1,1
994,7,1154,942,447,137,1,1,1
995,7,1126,942,447,137,1,1,1
996,7,1102,942,447,137,1,1,1
997,7,1121,944,370,137,1,1,1
998,7,1121,944,321,137,1,1,1
999,7,1121,944,321,137,1,1,1
1000,7,1121,944,321,137,1,1,1
1001,7,1121,944,321,137,1,1,1
1002,7,1132,873,321,208,1,1,1
1003,7,1132,873,321,208,1,1,1
1004,7,1132,837,396,244,1,1,1
1005,7,1132,786,396,295,1,1,1
1006,7,1132,735,396,346,1,1,1
1007,7,1160,693,396,384,1,1,1
1008,7,1139,644,396,437,1,1,1
1009,7,1090,608,424,473,1,1,1
1010,7,1073,554,424,473,1,1,1
1011,7,1060,554,424,473,1,1,1
1012,7,1051,505,424,473,1,1,1
1013,7,1062,477,424,473,1,1,1
1014,7,1081,439,424,473,1,1,1
1015,7,1081,439,424,473,1,1,1
1016,7,1051,409,424,473,1,1,1
1017,7,1051,409,424,473,1,1,1
1018,7,998,409,424,447,1,1,1
1019,7,998,409,424,447,1,1,1
1020,7,998,409,424,447,1,1,1
1021,7,987,420,424,447,1,1,1
1022,7,987,420,360,447,1,1,1
1023,7,959,407,360,494,1,1,1
1024,7,925,388,360,547,1,1,1
1025,7,899,397,360,547,1,1,1
1026,7,899,397,360,547,1,1,1
1027,7,899,487,317,457,1,1,1
1028,7,846,543,360,410,1,1,1
1029,7,741,534,448,410,1,1,1
1030,7,703,543,448,410,1,1,1
1031,7,658,566,448,389,1,1,1
1032,7,658,566,448,389,1,1,1
1033,7,658,566,448,389,1,1,1
1034,7,658,594,448,361,1,1,1
1035,7,662,613,448,385,1,1,1
1036,7,662,613,448,385,1,1,1
1037,7,669,649,390,347,1,1,1
1038,7,652,649,390,347,1,1,1
1039,7,652,649,390,347,1,1,1
1040,7,652,649,390,347,1,1,1
1041,7,631,647,431,347,1,1,1
1042,7,631,647,431,347,1,1,1
1043,7,631,647,431,347,1,1,1
1044,7,631,647,431,347,1,1,1
1045,7,616,645,431,347,1,1,1
1046,7,616,645,431,347,1,1,1
1047,7,616,645,431,347,1,1,1
1048,7,616,600,431,347,1,1,1
1049,7,616,562,431,385,1,1,1
1050,7,616,528,431,415,1,1,1
1051,7,616,528,431,415,1,1,1
1052,7,616,528,431,415,1,1,1
1053,7,616,528,431,415,1,1,1
1054,7,691,528,356,415,1,1,1
1055,7,719,528,328,415,1,1,1
1056,7,719,528,328,415,1,1,1
1057,7,719,528,328,415,1,1,1
1058,7,719,552,328,391,1,1,1
1059,7,719,564,328,379,1,1,1
1060,7,719,581,328,362,1,1,1
1061,7,719,590,328,353,1,1,1
1062,7,719,590,328,353,1,1,1
1063,7,719,590,328,353,1,1,1
1064,7,719,556,328,387,1,1,1
1065,7,687,532,328,411,1,1,1
1066,7,687,532,328,432,1,1,1
1067,7,687,532,328,432,1,1,1
1068,7,687,532,328,432,1,1,1
1069,7,668,532,328,432,1,1,1
1070,7,653,532,328,432,1,1,1
1071,7,644,517,328,468,1,1,1
1072,7,638,519,328,468,1,1,1
1073,7,623,528,339,468,1,1,1
1074,7,623,528,339,468,1,1,1
1075,7,623,528,339,468,1,1,1
1076,7,623,528,339,468,1,1,1
1077,7,623,528,339,468,1,1,1
1078,7,623,528,339,468,1,1,1
1079,7,623,528,339,468,1,1,1
1080,7,623,528,339,468,1,1,1
1081,7,623,528,339,468,1,1,1
1082,7,623,528,339,468,1,1,1
1083,7,623,528,339,468,1,1,1
1084,7,623,528,339,468,1,1,1
1085,7,623,528,339,468,1,1,1
1086,7,672,500,298,468,1,1,1
1087,7,670,432,298,519,1,1,1
1088,7,653,400,362,519,1,1,1
1089,7,629,400,386,519,1,1,1
1090,7,605,396,422,485,1,1,1
1091,7,577,396,422,485,1,1,1
1092,7,562,385,422,468,1,1,1
1093,7,541,381,422,468,1,1,1
1094,7,517,368,422,468,1,1,1
1095,7,517,368,422,468,1,1,1
1096,7,446,385,422,468,1,1,1
1097,7,406,383,422,468,1,1,1
1098,7,367,387,422,468,1,1,1
1099,7,318,389,422,468,1,1,1
1100,7,284,387,422,468,1,1,1
1101,7,241,365,422,494,1,1,1
1102,7,220,356,422,494,1,1,1
1103,7,220,356,422,494,1,1,1
1104,7,175,343,469,494,1,1,1
1105,7,147,339,469,494,1,1,1
1106,7,94,328,469,494,1,1,1
1107,7,109,330,435,494,1,1,1
1108,7,109,330,435,494,1,1,1
1109,7,83,342,435,456,1,1,1
1110,7,62,346,482,456,1,1,1
1111,7,62,346,482,456,1,1,1
1112,7,30,383,482,415,1,1,1
1113,7,30,383,482,415,1,1,1
1114,7,30,383,441,415,1,1,1
1115,7,34,383,441,381,1,1,1
1116,7,34,383,441,381,1,1,1
1117,7,25,381,441,381,1,1,1
1118,7,25,398,441,364,1,1,1
1119,7,6,398,458,338,1,1,1
1120,7,15,387,458,338,1,1,1
1121,7,15,387,458,338,1,1,1
1122,7,15,387,458,338,1,1,1
1123,7,15,387,458,338,1,1,1
1124,7,15,387,458,338,1,1,1
1125,7,15,387,458,338,1,1,1
1126,7,15,387,458,338,1,1,1
1127,7,15,387,458,338,1,1,1
1128,7,1,417,458,338,1,1,1
1129,7,1,417,458,338,1,1,1
1130,7,1,430,458,338,1,1,1
1131,7,1,408,458,381,1,1,1
1132,7,1,408,340,381,1,1,1
1133,7,1,408,340,381,1,1,1
1134,7,1,408,340,381,1,1,1
1135,7,1,408,340,381,1,1,1
1136,7,1,408,340,381,1,1,1
1137,7,1,568,257,189,1,1,1
1138,7,1,568,257,189,1,1,1
1139,7,1,568,191,189,1,1,1
1140,7,1,568,191,189,1,1,1
1079,8,47,821,342,260,1,1,1
1080,8,47,821,342,260,1,1,1
1081,8,1,821,357,260,1,1,1
1082,8,1,821,357,260,1,1,1
1083,8,1,821,357,260,1,1,1
1084,8,1,821,357,260,1,1,1
1085,8,1,821,357,260,1,1,1
1086,8,1,821,357,260,1,1,1
1087,8,1,821,357,260,1,1,1
1088,8,3,838,306,209,1,1,1
1089,8,1,802,250,243,1,1,1
1090,8,1,802,250,243,1,1,1
1091,8,1,785,214,243,1,1,1
1092,8,1,785,214,243,1,1,1
1093,8,1,791,214,213,1,1,1
1094,8,3,774,169,213,1,1,1
